416:363,364,364,363,630,626,635,637,639,628,641,643,624,649,650,653,620,622,655,645,647,708,818,818,304,305,305,304,630,626,635,637,639,628,641,643,624,649,650,653,620,622,655,645,647,708,818,818,424,425,425,424,630,626,635,637,639,628,641,643,624,649,650,653,620,622,655,645,647,708,818,818,558,559,559,558,630,626,635,637,639,628,641,643,624,649,650,653,620,622,655,645,647,708,818,818,544,545,545,544,630,626,635,637,639,628,641,643,624,649,650,653,620,622,655,645,647,708,818,818,377,378,378,377,630,626,635,637,639,628,641,643,624,649,650,653,620,622,655,645,647,708,818,818,720,721,721,720,630,626,635,637,639,628,641,643,624,649,650,653,620,622,655,645,647,708,818,818,
419:434,435,435,434,630,626,635,637,639,628,641,643,624,649,650,653,620,622,655,645,647,708,818,818,
420:586,587,587,586,630,626,635,637,639,628,641,643,624,649,650,653,620,622,655,645,647,708,818,818,
421:606,607,607,606,630,626,635,637,639,628,641,643,624,649,650,653,620,622,655,645,647,708,818,818,
422:578,579,579,578,630,626,635,637,639,628,641,643,624,649,650,653,620,622,655,645,647,708,818,818,
425:630,626,635,637,639,628,641,643,624,649,650,653,620,622,655,645,647,708,818,818,
426:483,484,484,483,630,626,635,637,639,628,641,643,624,649,650,653,620,622,655,645,647,708,818,818,
428:551,552,552,551,630,626,635,637,639,628,641,643,624,649,650,653,620,622,655,645,647,708,818,818,
430:716,717,717,716,630,626,635,637,639,628,641,643,624,649,650,653,620,622,655,645,647,708,818,
437:768,769,769,768,630,626,635,637,639,628,641,643,624,649,650,653,620,622,655,645,647,708,818,818,624,
440:397,398,398,397,630,626,635,637,639,628,641,643,624,649,650,653,620,622,655,645,647,708,818,818,
443:307,308,308,307,630,626,635,637,639,628,641,643,624,649,650,653,620,622,655,645,647,708,818,818,
497:481,482,482,481,630,626,635,637,639,628,641,643,624,649,650,653,620,622,655,645,647,708,818,818,
499:405,406,406,405,630,626,635,637,639,628,641,643,624,649,650,653,620,622,655,645,647,708,818,818,
501:641,643,624,649,650,653,620,622,655,645,647,708,818,818,
503:380,381,381,380,630,626,635,637,639,628,641,643,624,649,650,653,620,622,655,645,647,708,818,818,
510:349,350,350,349,630,626,635,637,639,628,641,643,624,649,650,653,620,622,655,645,647,708,818,818,
514:361,362,362,361,630,626,635,637,639,628,641,643,624,649,650,653,620,622,655,645,647,708,818,818,
524:479,480,480,479,630,626,635,637,639,628,641,643,624,649,650,653,620,622,655,645,647,708,818,818,
546:335,336,336,335,630,626,635,637,639,628,641,643,624,649,650,653,620,622,655,645,647,708,818,818,
559:414,415,415,414,630,626,635,637,639,628,641,643,624,649,650,653,620,622,655,645,647,708,818,818,
561:513,514,514,513,630,626,635,637,639,628,641,643,624,649,650,653,620,622,655,645,647,708,818,818,
565:599,600,600,599,630,626,635,637,639,628,641,643,624,649,650,653,620,622,655,645,647,708,818,818,
594:591,592,592,591,630,626,635,637,639,628,641,643,624,649,650,653,620,622,655,645,647,708,818,818,
595:312,313,313,312,630,626,635,637,639,628,641,643,624,649,650,653,620,622,655,645,647,708,818,818,
597:369,370,370,369,630,626,635,637,639,628,641,643,624,649,650,653,620,622,655,645,647,708,818,818,
598:541,542,542,541,630,626,635,637,639,628,641,643,624,649,650,653,620,622,655,645,647,708,
600:759,760,760,759,630,626,635,637,639,628,641,643,624,649,650,653,620,622,655,645,647,708,818,818,
603:331,332,332,331,630,626,635,637,639,628,641,643,624,649,650,653,620,622,655,645,647,708,818,818,
659:613,613,612,626,635,637,639,628,641,643,624,649,650,653,620,622,655,645,647,708,818,
818:0,1123,708,0,797,191,222,671,287,222,219,222,222,671,287,219,0,0,797,191,0,114,818,818,0,818,0,818,114,708,0,
Group 6 size 75
13:818,818,818,818,819,819,818,
95:0,191,818,818,818,0,191,
96:818,818,818,818,818,818,818,0,818,0,818,
124:679,1077,818,818,818,818,818,818,
137:818,818,818,818,818,818,818,818,818,818,
176:819,819,0,818,981,981,981,818,981,818,981,819,819,0,818,934,934,
189:818,818,818,818,818,818,
197:0,222,818,818,818,222,
199:0,191,818,818,818,818,
216:818,818,818,818,907,827,
231:818,818,818,818,818,818,
248:198,286,289,818,826,826,826,826,826,826,
275:0,191,818,818,818,0,191,227,221,
284:0,191,818,818,818,818,0,818,818,818,
303:0,818,818,818,818,826,826,972,972,972,709,
307:0,824,679,818,885,885,
310:818,818,818,818,818,818,818,
325:0,200,0,818,679,200,200,
342:0,191,818,818,818,818,618,352,618,352,
365:818,818,818,818,818,818,
384:818,818,818,818,818,818,818,
386:286,288,824,818,818,826,826,826,826,826,818,818,286,824,288,
388:818,818,818,818,818,818,818,818,
397:818,818,818,818,818,818,788,
427:198,827,827,198,0,818,679,1079,709,116,222,664,788,822,819,200,293,1058,664,664,
456:818,819,819,819,818,819,819,819,818,
475:818,818,818,818,818,818,
479:572,569,818,818,818,911,911,911,818,818,
489:679,799,818,818,818,818,818,818,
494:818,679,222,818,826,848,848,848,848,818,826,826,826,826,826,826,826,826,826,826,826,826,826,826,826,
495:1052,222,818,818,818,818,
518:0,0,824,818,191,818,
537:679,818,818,818,818,818,818,818,679,
539:818,818,818,818,818,818,818,
545:818,818,818,818,818,818,818,818,
547:818,818,818,818,818,818,818,818,
564:818,818,818,818,818,818,818,818,818,818,818,
611:818,824,679,818,679,824,818,
618:679,818,818,818,818,818,
622:679,222,824,818,1037,1037,818,222,
624:0,191,818,818,818,818,
637:0,788,0,818,851,818,851,818,0,818,851,818,
647:0,222,671,818,818,826,
654:818,818,818,818,818,116,788,
660:818,818,818,818,818,818,818,
673:800,191,797,818,191,797,818,
675:679,0,818,818,818,0,
704:286,818,818,818,818,818,818,
709:0,200,0,818,191,877,
722:0,818,0,818,818,974,818,0,0,818,0,818,0,
762:664,788,788,818,679,714,712,
786:818,818,818,818,818,818,818,818,818,
801:713,1079,1103,818,1103,1083,679,1083,1103,1079,713,
810:818,818,818,818,818,818,0,818,
811:818,818,818,818,818,818,
836:706,706,818,818,706,818,818,
837:818,818,818,818,818,818,818,818,818,
852:818,0,818,818,818,818,818,818,818,
869:818,818,818,818,818,818,
870:0,0,191,818,826,826,826,826,826,826,826,826,826,826,679,799,785,783,827,818,827,785,783,679,799,
875:679,709,290,818,889,889,889,
883:818,818,818,818,818,818,818,818,818,818,
889:0,824,198,818,818,855,855,818,
899:818,818,818,818,818,0,
900:818,818,818,818,818,818,
913:827,818,818,818,818,818,818,818,818,818,
921:818,943,943,818,679,682,
932:826,818,826,818,818,826,826,826,826,826,826,826,826,818,
958:0,824,0,818,0,818,0,
963:0,679,799,818,0,191,0,191,818,485,750,
986:0,191,818,818,818,824,
988:116,169,169,818,116,403,173,116,127,
1012:0,818,818,818,818,818,818,818,818,818,818,
1046:0,191,818,818,818,818,818,826,818,
1048:789,818,818,818,818,950,
Group 7 size 10
14:679,785,679,818,818,818,818,818,818,818,818,818,50,818,818,818,818,818,818,818,222,818,818,818,818,818,818,818,818,905,818,
29:818,980,980,679,679,818,818,818,818,
258:0,818,679,824,222,818,987,818,818,
323:679,679,682,679,818,877,818,856,856,856,818,826,
337:679,1123,0,799,800,198,797,191,708,679,818,
529:818,222,824,222,818,818,818,818,818,849,849,849,679,849,849,849,818,818,818,818,818,818,222,223,818,
696:198,679,240,208,237,240,1115,1114,1116,818,
863:679,1077,818,679,679,679,679,679,680,
880:679,679,0,198,799,191,800,797,818,
1082:0,679,664,679,0,679,818,818,679,0,
Group 8 size 55
15:0,0,0,0,0,0,0,
28:0,818,818,818,818,0,818,818,818,818,818,818,818,818,
31:818,818,818,818,818,818,0,0,818,818,818,818,818,818,818,818,818,818,
33:293,293,0,773,624,0,773,
83:1123,708,198,0,679,799,
98:0,664,683,0,191,664,683,
116:708,708,708,708,708,0,818,818,0,191,818,0,191,818,708,0,191,818,708,708,708,708,
156:194,818,818,818,818,0,824,818,818,818,818,818,818,818,818,818,818,818,818,818,818,818,818,818,818,818,940,940,818,940,818,818,818,818,818,818,818,818,818,818,818,818,818,818,818,818,818,818,818,818,0,679,222,237,1115,240,685,237,199,238,286,222,818,818,818,818,818,818,818,818,818,818,818,818,818,818,818,818,818,818,818,818,818,818,818,818,818,818,818,664,818,818,198,818,818,826,198,237,1114,1115,286,289,664,664,0,824,818,818,0,818,818,818,818,818,818,818,818,826,722,200,679,679,682,0,818,818,818,0,818,222,0,818,818,967,967,820,821,821,821,821,
169:0,0,0,0,0,0,
175:0,818,818,818,0,0,818,818,818,818,818,818,818,818,818,818,818,818,0,
184:0,773,624,0,773,624,0,773,624,0,773,624,
229:0,0,818,850,850,850,818,0,
271:179,1123,708,0,152,122,179,128,173,175,173,812,157,0,128,
280:173,1123,175,173,708,0,128,812,157,
292:0,818,818,0,818,828,828,
295:679,679,799,0,198,799,
316:114,0,797,191,0,0,0,0,191,797,0,
329:0,1123,708,191,797,0,818,114,818,818,
339:0,198,179,0,275,198,198,
361:679,682,679,0,722,824,679,680,682,
392:0,797,191,0,795,808,192,788,788,116,665,709,664,184,
408:818,818,818,818,818,0,818,818,818,818,818,818,818,818,
431:574,1123,576,325,724,0,708,574,424,575,575,574,630,631,626,627,635,636,637,638,639,640,628,629,641,642,643,644,624,625,649,1118,652,650,651,653,654,620,621,622,623,655,656,645,646,647,648,114,818,818,
436:0,818,826,826,826,0,198,818,826,826,826,826,826,826,826,826,826,826,826,826,826,826,826,826,818,818,818,826,826,826,826,826,826,826,826,826,826,826,826,826,826,826,826,826,826,679,785,679,
446:0,0,0,0,0,0,
447:0,818,818,0,818,0,818,818,818,0,818,664,0,818,0,818,821,821,
471:679,1123,708,0,198,799,679,
490:393,1123,708,0,393,604,724,605,354,191,521,355,726,797,520,
493:1123,708,799,0,679,198,
522:840,840,840,840,840,0,222,818,818,818,818,818,818,818,818,818,818,818,222,679,818,818,56,818,818,
534:679,1123,708,0,799,198,679,
538:0,788,788,788,788,0,788,0,788,0,709,1079,1098,1079,1083,1079,788,0,788,0,1079,1083,818,1083,1079,1083,1087,1083,1083,0,
556:0,818,818,818,818,0,818,818,818,818,818,821,821,818,
558:708,0,0,526,399,465,296,
586:0,773,624,0,773,624,
619:0,788,788,0,788,0,788,0,788,0,788,0,788,0,788,0,
628:0,191,788,665,293,0,191,818,818,
653:0,1123,708,191,797,0,798,192,184,808,795,818,114,818,818,818,818,818,818,859,859,859,818,818,818,
670:0,818,826,961,827,0,
691:0,825,825,821,825,0,818,818,818,818,818,1018,818,1023,818,818,818,0,818,843,843,843,843,843,818,
706:286,818,818,818,888,0,818,818,818,818,818,818,1005,1005,818,818,818,818,818,818,818,818,818,818,818,818,818,818,888,0,818,818,818,818,818,818,818,818,
739:1123,679,708,0,679,198,799,
750:0,818,818,931,931,0,818,818,818,0,818,818,818,818,818,818,818,818,
752:1123,708,799,0,679,198,
803:821,818,818,198,818,0,
826:0,818,818,826,826,0,818,818,826,826,826,821,821,818,0,818,818,826,826,818,818,818,818,826,826,826,826,826,826,818,818,826,826,
843:0,818,818,818,0,0,818,818,818,0,818,818,818,818,818,818,818,818,818,818,818,818,0,0,818,818,818,
903:1123,680,681,0,708,1083,812,680,679,
910:234,235,275,0,234,198,232,
922:0,0,818,818,2,2,2,0,788,
929:1123,437,708,0,738,1068,436,724,
984:824,822,818,0,818,818,818,818,818,818,818,818,818,818,818,818,818,818,818,818,818,818,818,818,818,818,982,818,824,
1007:0,818,818,818,0,0,296,
1008:0,818,818,818,0,0,818,826,826,826,826,826,826,826,826,824,818,
1069:679,682,680,682,679,0,679,
Group 9 size 26
16:0,0,0,0,0,0,0,0,0,0,0,0,
48:0,0,0,0,0,0,0,0,0,0,
144:0,818,818,818,818,818,818,818,818,818,818,0,818,0,818,818,818,818,818,818,818,818,0,818,818,818,818,818,818,818,818,818,824,818,222,671,818,818,818,818,818,222,671,818,818,
191:708,708,708,708,708,708,708,1024,114,0,1024,818,824,818,0,679,708,0,679,198,799,0,818,818,0,818,0,818,818,818,818,818,0,818,679,0,679,799,198,818,1024,1024,1024,0,708,708,708,708,679,1123,679,0,799,198,682,0,683,714,682,679,679,0,679,799,198,680,0,812,679,1083,680,679,0,679,799,198,679,799,0,679,198,818,0,708,708,
228:0,818,818,989,706,989,818,818,0,222,0,0,818,818,0,818,818,818,0,818,818,818,826,818,818,818,818,818,818,818,818,818,818,818,818,818,818,818,818,818,818,818,818,818,818,818,818,818,818,818,818,818,818,818,818,818,818,818,818,818,818,818,818,818,818,818,818,818,1017,827,1017,818,818,818,
259:797,0,191,0,0,0,0,0,0,0,0,0,0,1123,0,797,191,679,198,799,0,0,0,679,198,0,799,0,799,679,198,
265:800,800,797,191,1123,797,191,0,708,800,184,184,797,191,808,192,797,818,191,818,795,808,192,116,818,795,241,114,128,1079,709,715,684,684,664,664,709,670,664,665,116,1079,710,818,818,709,198,799,788,
318:821,0,821,0,821,0,818,0,0,0,0,0,0,818,0,0,0,0,953,0,0,
344:0,824,818,818,874,827,0,0,0,0,0,0,821,821,0,0,0,
345:788,665,0,191,788,788,665,788,665,0,191,
353:0,818,799,818,799,818,799,0,809,
370:0,818,818,818,818,818,818,911,818,818,0,0,818,818,818,818,818,818,989,818,818,818,
403:0,818,818,222,824,198,293,818,818,0,818,818,818,818,818,
517:0,818,818,818,818,818,826,826,826,0,818,818,818,818,818,818,818,818,818,818,818,818,818,826,826,0,818,
571:0,819,222,819,222,222,824,222,819,222,824,0,222,223,222,818,222,818,1028,827,1028,1028,
612:0,222,238,216,219,722,722,116,679,198,818,0,818,818,818,818,818,818,818,818,116,184,198,237,1114,1115,818,
663:198,818,818,818,950,198,679,818,818,818,818,0,818,0,116,818,
665:1079,173,807,799,198,191,797,1104,114,0,
674:682,198,679,1105,679,116,0,116,679,0,
679:0,818,818,818,818,818,818,818,818,0,818,818,818,818,818,818,818,818,818,818,818,818,818,818,818,818,818,818,818,818,818,818,0,818,818,818,0,818,818,0,818,0,818,818,818,0,664,
725:0,818,826,826,826,826,818,826,826,0,679,818,818,818,818,818,818,826,
782:0,818,818,818,818,818,818,818,818,0,818,818,0,818,818,818,230,211,213,116,213,211,0,818,0,818,818,818,818,
795:0,1079,1083,1091,1083,1087,1083,0,1079,1083,
835:1123,708,191,0,797,0,0,0,0,0,0,0,0,
860:679,198,0,799,679,679,679,0,198,799,679,0,198,799,679,
1027:1123,235,234,232,708,275,198,0,275,234,0,198,232,
Group 10 size 1
18:0,708,191,1124,0,822,708,818,818,818,818,818,818,281,127,818,818,818,818,818,818,818,818,818,818,818,818,818,818,818,818,818,818,818,818,0,191,818,818,818,818,818,818,1122,818,818,818,818,818,818,818,818,818,818,1120,1120,1120,1120,1120,0,818,818,821,0,818,0,818,0,818,1120,1120,1120,0,0,1121,1121,1121,0,0,1120,0,818,0,1120,1120,0,0,0,0,0,0,818,536,818,0,191,708,818,818,0,818,818,818,818,818,818,818,818,818,818,818,818,818,818,818,818,818,818,818,818,818,818,818,818,818,818,818,818,818,818,818,818,818,818,818,818,818,818,818,818,818,818,818,818,818,818,818,818,818,818,818,818,818,818,818,818,818,818,818,708,818,818,818,818,818,818,818,821,821,818,818,818,708,1124,1122,1120,1122,562,1122,1120,0,1121,1121,0,1120,0,1122,0,708,818,818,818,708,818,818,818,0,191,0,191,818,536,536,536,0,818,708,708,1124,1122,1120,0,1121,1121,0,0,0,818,708,0,818,191,968,818,0,0,191,293,536,465,536,465,0,191,664,683,788,665,664,683,665,664,708,708,708,818,818,818,818,818,818,818,818,818,818,818,818,818,818,536,465,818,1120,536,465,536,465,536,465,536,465,526,536,536,465,818,818,818,818,818,818,818,818,818,0,191,818,818,818,708,818,818,708,818,818,708,818,1120,0,1121,818,0,0,818,818,818,818,818,818,818,818,818,818,818,818,708,818,818,818,818,708,818,818,818,708,708,0,818,818,818,818,818,818,818,818,818,818,818,818,818,818,818,818,818,818,818,818,818,818,818,818,818,818,818,818,818,818,818,818,818,818,818,818,818,818,818,818,818,818,818,818,818,818,818,818,818,818,818,818,818,818,818,818,818,818,818,818,818,818,818,818,818,818,818,818,818,0,818,0,1120,0,1121,0,0,296,296,1124,818,818,708,0,191,818,818,818,818,818,818,818,708,708,818,818,818,818,818,818,818,818,818,818,818,818,818,818,818,818,818,818,818,818,818,818,818,818,818,818,818,818,818,818,818,818,818,818,818,818,818,818,818,818,818,818,818,818,0,679,799,818,708,0,0,191,818,818,818,818,818,818,818,818,818,818,818,818,818,818,818,818,818,818,818,818,818,0,191,818,818,818,818,818,818,818,818,818,818,818,818,708,818,818,818,818,818,818,818,818,818,818,818,818,818,818,818,818,818,818,818,818,818,818,339,320,818,818,818,0,818,818,818,818,818,818,818,818,818,818,818,818,339,320,818,818,818,818,818,818,818,822,0,191,818,818,818,818,818,818,818,818,818,818,818,818,818,818,818,818,818,818,818,818,818,818,818,818,818,818,818,818,818,818,818,818,818,818,818,818,818,0,0,818,818,818,191,0,818,818,818,818,818,818,818,818,818,818,0,191,1124,0,1122,191,818,818,818,818,818,708,0,818,818,818,818,818,818,818,818,818,818,818,818,818,818,818,818,818,818,818,818,818,818,818,818,818,818,818,818,818,818,818,818,818,818,818,818,818,818,708,708,818,818,818,818,818,0,664,673,675,683,666,177,818,818,818,818,818,818,818,818,818,818,818,818,818,818,818,0,818,818,191,818,818,818,818,818,818,818,818,818,818,818,818,818,818,818,818,818,818,818,818,818,818,818,818,818,818,818,818,818,818,818,818,818,818,818,818,818,818,818,818,818,818,818,818,818,818,818,818,818,818,818,818,818,818,818,818,818,818,818,818,818,818,818,818,818,818,818,818,818,818,818,818,818,818,818,818,818,818,818,818,818,818,818,818,818,818,818,818,818,818,818,708,0,708,708,708,1124,1122,0,708,818,818,0,818,818,708,818,818,818,1120,1120,0,1121,1121,0,818,0,0,293,818,708,708,708,818,818,818,818,818,708,1120,1120,0,1121,0,0,818,314,818,0,818,818,708,0,818,818,818,818,818,818,818,0,818,708,0,818,0,191,191,708,818,818,818,708,818,818,818,1120,1120,0,1121,0,0,818,0,818,818,818,818,708,818,708,818,818,818,818,818,818,818,818,818,818,818,818,822,708,818,818,818,818,818,818,818,708,1124,1124,0,818,679,1079,709,116,198,191,116,788,799,222,664,683,788,710,679,671,665,818,1122,1120,1120,0,1121,1121,0,293,708,1120,1120,1120,1120,549,549,549,293,708,708,818,0,708,0,191,818,0,818,191,818,818,818,1122,0,818,818,818,818,818,822,818,818,1122,677,708,708,818,818,822,708,708,818,0,818,818,708,1122,818,818,1122,818,818,818,1122,708,708,1122,1122,1122,708,818,818,708,818,0,191,818,818,822,
Group 11 size 18
20:0,818,818,818,0,818,818,818,0,818,818,818,818,818,818,818,818,818,818,818,818,818,818,818,0,818,818,818,818,818,818,818,818,818,
109:0,818,818,1041,818,818,818,818,818,853,818,818,818,818,818,818,818,818,818,818,818,818,818,818,818,818,818,
132:679,818,818,818,818,818,818,818,818,818,0,818,818,818,818,818,818,818,818,818,818,818,818,818,818,818,818,818,818,818,818,818,818,818,818,818,0,818,818,
211:0,222,818,818,818,818,818,818,818,818,818,818,897,897,827,827,827,827,819,819,0,818,818,979,722,722,722,819,819,0,818,818,818,818,818,679,818,818,818,818,679,818,818,818,818,818,818,818,818,901,827,901,818,818,818,818,819,819,0,818,924,924,827,827,818,924,818,924,820,0,818,842,827,827,827,827,819,819,0,818,952,952,827,827,827,827,818,952,818,819,819,0,818,952,827,820,819,819,0,818,952,952,819,819,819,0,222,818,818,818,958,818,958,827,0,819,819,0,818,818,818,818,985,827,827,827,985,818,985,827,827,985,818,818,899,827,827,827,818,818,818,818,818,818,818,891,827,891,818,818,818,818,0,818,891,222,819,819,0,818,1018,1018,819,819,0,818,935,935,935,818,0,819,819,0,818,818,1051,827,827,827,827,827,827,827,827,819,819,0,818,818,818,818,967,827,818,819,819,0,818,818,818,933,827,933,818,0,818,818,0,818,0,818,826,819,819,0,818,818,818,818,818,997,827,818,818,818,997,820,821,819,819,0,818,818,818,818,818,1025,827,0,819,819,0,818,818,818,837,0,818,818,818,818,818,837,818,818,818,818,818,818,818,819,819,819,819,0,818,818,818,818,818,819,819,0,818,1052,1052,1052,818,818,818,
217:0,0,0,818,818,818,818,818,818,818,818,818,818,818,0,0,
382:0,191,818,818,818,818,818,818,818,818,818,818,818,818,818,818,818,818,818,818,818,818,818,818,818,818,818,818,818,
445:0,818,977,977,977,818,818,1035,1035,818,788,
505:818,818,818,818,818,818,818,818,818,818,818,818,818,818,818,818,818,818,818,818,818,818,818,818,818,818,818,818,818,818,818,818,818,818,818,818,818,818,818,818,818,818,818,818,818,818,818,818,818,818,818,818,818,989,827,820,722,249,722,249,820,821,821,0,0,818,
616:818,818,826,826,1014,818,0,
823:818,818,818,843,843,843,818,818,818,818,0,
828:0,822,664,676,675,673,222,223,818,818,818,818,818,818,818,818,818,818,818,818,818,818,818,818,818,818,818,679,822,820,821,821,
897:0,116,403,824,818,198,210,679,706,818,818,116,173,173,174,117,120,121,118,119,127,184,128,133,137,138,134,135,139,136,
951:0,191,679,799,824,818,1011,818,1011,818,1011,1011,824,1011,818,1010,827,827,818,818,0,191,824,0,191,
957:618,618,0,222,223,818,818,826,826,826,826,826,826,826,826,826,826,826,826,826,826,818,826,818,818,818,826,826,826,826,826,826,826,826,826,826,826,826,826,826,826,826,826,826,826,826,826,826,826,826,826,826,826,826,826,826,826,826,826,826,826,826,826,826,826,826,826,826,826,826,826,826,826,826,826,826,826,826,826,826,826,826,826,826,826,826,826,826,826,826,826,826,826,826,826,826,826,826,0,
965:198,679,286,290,287,222,0,191,824,818,818,
971:0,191,818,986,818,880,880,880,818,818,818,978,818,818,818,818,818,0,191,818,0,
995:0,818,1029,1029,827,222,116,198,222,199,230,277,818,
1017:0,824,818,818,818,818,818,818,818,818,818,818,818,818,818,818,818,818,818,818,818,818,818,818,818,818,
Group 12 size 5
23:222,223,222,223,237,1115,818,818,818,818,899,899,899,818,818,818,951,818,818,818,997,818,818,818,818,818,1004,818,818,818,818,818,818,918,818,818,818,0,818,818,222,
190:818,679,824,222,223,818,818,818,818,818,50,818,102,818,818,818,818,21,91,62,108,818,818,59,107,0,818,818,826,
313:818,818,1075,222,818,1075,818,818,818,818,788,818,818,818,818,
940:0,818,679,222,818,818,818,818,818,818,818,818,818,818,818,818,818,818,818,818,818,818,818,818,818,818,818,818,818,818,818,818,818,818,818,818,818,818,818,818,818,818,818,818,818,818,818,
1074:679,682,818,222,237,1114,818,826,826,826,826,826,826,826,
Group 13 size 36
24:0,818,818,818,818,818,818,818,818,818,818,818,818,818,818,818,818,818,818,818,818,818,818,818,818,818,818,818,818,0,
87:0,818,818,818,818,20,818,818,67,818,818,818,818,818,818,19,818,818,26,818,818,71,818,818,27,818,818,28,30,95,95,0,818,818,679,818,826,909,909,827,
203:0,818,818,818,818,818,818,818,818,818,818,818,818,818,818,818,818,818,818,818,818,818,
268:0,818,818,818,818,818,818,818,818,818,818,818,818,818,818,818,818,818,818,818,818,818,
276:818,818,818,818,826,818,818,818,818,818,818,818,818,826,826,818,818,818,818,818,818,818,0,191,818,818,818,818,818,818,818,853,818,888,818,1022,818,888,818,818,1022,818,829,818,818,818,818,826,826,818,
287:818,824,818,818,818,818,818,818,818,818,0,818,818,818,0,0,818,818,818,818,818,818,818,222,223,230,240,679,818,818,818,818,818,818,818,818,818,818,818,818,818,818,818,818,679,821,821,821,157,164,818,
322:0,818,818,818,818,818,818,818,818,818,818,818,818,818,818,
360:0,818,818,818,818,818,818,818,818,818,818,818,818,818,818,818,818,818,818,
389:0,191,679,799,818,818,818,935,935,935,818,818,818,818,826,826,826,826,826,826,826,826,826,826,826,826,826,826,
407:0,818,818,818,818,818,818,818,818,818,818,222,679,818,818,818,818,818,818,818,818,818,818,
487:0,818,818,818,818,818,818,818,818,818,818,818,818,818,818,818,818,818,
488:0,824,818,818,826,826,826,826,826,679,826,818,818,1045,827,
511:0,818,818,818,818,818,818,818,818,818,818,818,818,818,818,818,906,
521:0,818,818,818,818,818,818,818,818,818,818,818,0,818,818,818,818,818,818,818,818,818,818,818,863,863,
527:0,818,818,818,818,818,818,818,818,818,818,818,818,818,846,846,818,818,818,818,
569:818,818,1028,1028,1028,818,818,818,818,818,818,818,818,818,818,818,0,825,818,818,818,818,818,818,818,818,818,818,818,1028,
573:0,818,818,818,818,818,818,818,818,818,818,818,818,818,818,
582:0,818,0,818,818,824,818,818,818,818,818,818,818,818,818,818,818,818,818,818,818,818,825,818,818,818,818,222,818,0,818,818,818,818,818,818,818,818,949,827,821,821,821,821,818,818,818,818,818,818,0,821,821,818,821,679,198,116,222,709,290,818,818,818,818,818,818,818,818,818,818,818,818,818,818,821,
606:0,818,818,818,818,818,818,818,818,818,818,818,818,818,818,818,
640:0,818,818,818,1027,1027,1027,818,818,818,818,818,818,818,
641:0,191,0,818,818,818,818,818,818,818,818,818,818,818,818,818,222,671,818,818,1018,827,818,818,900,900,818,818,826,826,826,818,818,818,1003,818,818,818,818,826,826,1018,827,821,
662:0,818,818,818,818,818,818,818,818,818,818,818,818,818,818,818,818,818,818,818,818,818,818,818,818,818,818,818,818,
693:0,818,818,818,818,818,818,818,818,818,818,818,
705:0,818,818,818,835,818,877,818,818,818,818,818,818,818,818,818,818,818,818,818,818,818,
728:0,818,818,818,818,818,818,818,818,818,818,818,818,818,
822:0,818,0,818,889,818,969,818,954,818,818,818,818,818,818,818,818,818,818,818,818,818,818,818,818,818,818,818,818,818,818,818,818,0,818,818,818,818,
824:0,818,818,818,818,818,818,818,818,818,818,818,818,0,
861:0,818,818,818,818,818,818,818,818,818,818,818,818,818,818,818,818,
876:0,191,788,665,0,191,788,665,0,191,818,904,904,904,818,818,
878:0,818,818,818,818,818,818,818,818,818,818,818,
915:0,0,818,818,818,818,818,818,818,818,818,818,818,818,818,
924:0,818,818,818,818,818,818,818,818,818,818,818,818,
960:0,818,818,818,818,818,818,818,818,818,818,818,818,818,818,818,818,818,818,818,818,818,818,818,818,818,818,818,818,818,818,818,818,818,818,818,818,
1006:0,818,818,818,818,818,818,818,818,818,818,818,818,818,818,818,
1049:0,818,818,818,818,818,818,818,818,818,818,818,
1073:0,818,818,818,818,818,818,818,818,818,818,818,818,818,818,818,818,818,818,818,818,818,
Group 14 size 17
26:664,664,664,664,664,664,664,664,664,664,664,664,664,664,664,664,664,664,
27:664,664,664,664,664,664,664,664,664,664,664,664,664,664,
50:664,664,664,664,664,664,664,664,664,664,
54:664,664,664,664,664,664,
69:664,664,664,664,664,664,
92:664,664,664,664,664,664,
139:664,664,664,664,664,664,664,664,664,664,664,664,
179:173,157,174,165,173,173,157,664,683,173,157,174,165,173,157,173,
463:664,819,819,819,819,664,819,819,819,819,664,819,819,819,819,
466:237,1115,0,0,198,227,818,664,818,818,
468:664,819,819,819,819,664,819,819,819,819,664,819,819,819,819,
579:0,282,818,826,826,1018,788,664,788,1018,826,826,818,282,
652:0,818,825,825,821,825,818,824,818,818,818,843,664,664,818,818,821,
737:664,664,664,664,664,664,
848:0,1058,1058,664,237,665,667,676,668,669,1058,664,671,666,672,675,673,272,788,282,790,1079,273,274,1104,236,242,1103,819,286,246,709,243,234,255,244,819,818,252,902,862,818,818,818,220,818,818,818,818,907,
908:198,222,222,797,191,799,219,671,287,211,664,287,211,664,671,219,
974:664,664,664,664,664,664,
Group 15 size 17
35:818,788,818,788,818,788,818,818,788,818,788,818,788,818,788,818,788,818,788,818,788,818,788,
66:0,788,0,788,0,818,0,818,
251:192,222,285,286,116,184,222,818,222,818,222,825,825,825,825,825,
451:800,818,191,797,797,818,191,818,
496:0,818,826,826,826,818,
525:679,824,818,826,818,826,679,818,826,826,826,826,826,
585:116,116,169,116,116,122,824,818,
627:1024,198,818,920,920,818,920,
668:788,791,824,818,818,821,818,818,818,679,818,818,
695:818,851,851,851,851,818,
902:0,818,999,999,0,818,0,
966:198,116,198,116,222,116,198,818,904,818,198,
989:818,57,57,824,35,818,
999:818,73,818,826,980,818,
1051:788,789,788,818,818,818,818,818,818,818,818,818,
1067:0,818,826,826,826,818,0,
1071:798,192,184,808,795,818,
Group 16 size 2
36:679,799,679,799,682,624,682,714,679,799,714,
777:1123,708,0,799,679,198,0,682,679,683,714,625,0,634,0,114,0,0,0,
Group 17 size 4
40:679,799,682,714,679,799,
631:679,0,679,679,683,682,680,679,624,
686:679,818,679,682,679,679,
715:679,785,679,680,680,682,818,824,818,824,818,824,818,818,818,818,818,818,818,818,818,818,818,818,953,953,953,818,222,
Group 18 size 3
41:0,818,826,818,818,818,818,
245:286,824,116,818,924,924,924,818,116,818,818,818,818,818,818,818,818,818,818,818,818,818,818,818,818,818,818,818,818,818,818,818,818,818,818,818,818,826,826,826,826,826,826,826,826,826,826,0,818,818,
772:0,818,818,818,818,826,826,868,868,679,818,818,818,826,826,826,826,
Group 19 size 1
42:0,191,818,818,818,818,818,818,818,818,818,818,818,818,818,818,818,818,818,818,818,818,818,0,191,818,818,818,818,868,827,868,818,818,1049,1049,1049,818,818,818,1044,818,818,818,828,818,818,818,949,818,818,1034,818,818,818,
Group 20 size 12
22:0,818,826,1014,1014,1014,826,818,0,818,818,818,818,818,818,818,
44:818,826,826,818,818,818,818,818,818,818,818,818,818,818,818,
58:826,826,826,827,827,826,827,826,826,818,826,826,818,826,
131:679,0,679,826,0,824,818,818,826,826,818,818,818,826,826,826,679,706,679,1105,679,1105,199,682,679,0,
379:286,290,222,671,223,190,818,826,826,826,826,826,826,826,826,826,826,826,826,826,826,826,826,826,826,826,826,826,826,826,826,826,826,826,826,826,826,826,826,826,826,826,826,826,826,826,826,826,826,826,826,826,826,826,826,826,826,826,826,826,826,826,826,826,826,826,826,826,826,826,826,826,826,826,826,826,826,826,826,826,826,826,826,826,826,
528:826,826,818,826,889,889,827,827,818,
692:0,191,818,818,826,826,818,818,826,826,818,826,826,818,
718:818,818,818,818,826,826,826,826,826,818,826,826,826,826,826,826,818,826,826,826,826,826,826,826,826,826,826,826,826,
887:0,818,818,818,826,237,1115,826,826,818,818,818,818,818,818,1114,854,854,827,0,827,0,820,821,
893:0,818,818,1000,1000,1000,818,818,818,826,826,971,826,826,826,826,0,826,
904:0,818,818,818,826,974,818,857,
992:0,198,818,826,826,826,818,818,818,222,223,818,818,818,818,826,
Group 21 size 1
46:0,818,0,818,860,860,827,820,821,821,821,
Group 22 size 1
56:679,679,679,682,624,682,679,
Group 23 size 6
32:826,0,191,818,818,826,826,826,818,818,818,818,818,826,826,826,826,826,826,826,826,826,826,826,826,826,826,826,826,826,826,826,826,826,826,826,826,826,826,826,818,818,818,818,818,818,818,826,826,826,826,826,679,679,682,679,818,818,818,826,826,818,818,826,826,826,826,826,826,826,826,826,826,826,826,826,826,826,826,826,826,826,826,826,826,826,826,826,826,826,826,826,826,826,826,826,826,826,826,826,826,826,826,826,826,826,826,826,826,826,826,818,818,818,818,818,826,826,826,826,826,826,826,826,826,826,826,826,826,826,679,818,818,818,679,818,826,991,826,818,818,818,818,826,826,826,826,826,826,826,826,826,826,826,818,818,818,818,826,826,826,826,826,826,
57:818,114,0,1123,708,797,191,818,818,
206:0,0,824,818,824,824,0,818,818,818,
314:0,825,825,818,937,937,818,818,818,818,818,818,818,818,818,818,818,818,818,818,818,818,818,818,825,825,818,818,
492:0,679,799,818,818,818,679,799,682,714,624,624,682,714,824,682,714,210,286,682,714,624,682,714,818,857,
677:0,824,1011,818,827,827,818,818,
Group 24 size 19
59:818,818,818,818,818,818,818,993,818,818,984,984,984,818,818,993,993,993,827,993,827,827,993,827,827,
165:169,169,818,818,818,818,818,818,169,818,818,818,
383:116,180,117,116,116,116,116,824,222,818,116,128,171,128,818,116,824,116,222,
424:649,650,653,620,622,655,645,647,708,818,818,650,653,620,622,655,645,647,708,818,818,
444:818,838,838,818,818,818,679,1077,818,851,818,818,818,
535:0,818,818,824,818,1010,818,818,0,
540:286,824,1011,818,818,818,818,
542:0,818,0,818,0,818,0,818,993,993,993,818,818,818,818,818,818,818,818,984,818,818,818,818,818,818,818,0,818,818,993,818,818,818,818,984,818,818,818,818,818,818,818,818,1014,1014,1014,818,1014,818,818,889,818,818,818,818,818,818,818,818,818,830,818,818,880,818,818,818,818,818,857,818,818,818,818,818,818,818,818,
550:649,650,653,620,622,655,645,647,708,818,818,
639:818,818,1046,818,818,818,1000,1000,1000,
699:222,671,818,1051,1051,1051,818,818,222,222,671,818,
765:0,818,1044,818,818,818,818,
781:679,679,682,818,818,818,818,818,
793:680,824,680,818,818,818,818,826,826,826,826,826,826,826,826,826,826,826,
942:317,818,198,818,818,818,818,
949:818,818,818,818,818,818,818,818,818,818,818,818,
1009:679,818,915,915,679,682,679,915,915,818,679,
1018:818,818,913,818,818,818,818,818,858,858,858,858,858,
1062:0,824,679,824,1079,824,818,818,0,
Group 25 size 1
61:0,818,818,818,40,98,98,98,98,98,98,98,98,98,98,98,818,818,41,61,818,818,38,14,89,
Group 26 size 7
67:708,708,708,708,708,708,708,708,708,708,708,708,708,708,708,708,708,
70:708,708,708,708,708,708,708,708,708,708,708,708,708,
81:708,708,708,708,708,708,708,708,708,708,708,
104:708,708,708,708,708,708,708,708,708,708,708,
117:708,708,708,708,708,708,708,708,708,708,708,
253:708,708,708,708,708,708,708,708,708,708,
642:708,708,708,708,708,708,708,708,708,708,708,708,
Group 27 size 3
72:679,682,682,679,679,682,682,624,682,679,
409:679,679,0,679,682,683,682,
791:679,679,824,679,682,679,
Group 28 size 4
75:818,818,198,116,234,234,
356:198,226,222,818,222,818,222,223,222,818,818,818,818,818,818,818,818,818,818,818,818,818,818,818,818,
1075:222,219,198,818,818,818,818,818,818,818,
1076:219,198,198,818,818,818,818,818,818,818,818,
Group 29 size 1
80:818,114,0,1123,708,797,191,
Group 30 size 1
84:0,788,0,788,0,788,0,788,
Group 31 size 1
86:818,818,818,708,818,708,708,708,708,818,708,708,708,708,708,708,708,708,708,708,708,708,708,708,708,708,708,708,708,708,708,708,708,708,708,708,708,708,
Group 32 size 3
97:788,788,0,0,0,0,0,0,0,788,0,0,0,0,0,
364:818,818,826,826,826,826,826,818,818,818,818,818,818,0,818,937,818,937,820,821,821,818,116,222,198,240,788,821,818,821,818,818,818,818,818,
749:797,781,798,780,775,798,708,781,795,701,775,724,699,0,796,808,726,797,788,808,773,790,795,191,775,701,667,191,797,191,807,780,184,814,192,191,797,
Group 33 size 25
100:826,826,826,826,826,826,826,826,826,826,826,826,826,826,826,826,826,826,
108:821,818,818,826,826,826,826,826,826,826,826,826,826,826,826,826,818,818,818,818,818,818,818,818,818,818,818,818,818,818,
120:826,835,835,826,826,826,826,
171:826,818,826,818,826,981,198,679,826,818,818,826,981,818,818,818,818,818,981,826,981,818,818,826,821,821,818,821,818,821,
172:0,818,826,826,826,826,826,826,826,826,826,826,826,826,826,826,722,826,826,826,826,826,826,826,818,818,818,826,818,826,818,826,818,818,818,818,818,818,826,826,826,826,818,818,679,785,818,826,826,222,818,826,826,826,0,818,818,818,0,
205:818,818,818,826,826,826,826,826,826,818,818,818,826,826,826,826,826,886,826,826,826,826,818,818,1019,818,818,818,818,818,818,818,818,818,818,818,818,722,679,818,818,818,818,818,818,
208:0,818,826,826,826,826,
213:0,191,679,799,818,818,9,86,86,86,818,818,818,818,818,818,818,826,826,
220:0,818,818,826,826,826,826,826,826,826,826,826,826,826,826,679,
254:818,818,826,826,826,826,826,826,826,
273:114,708,0,0,0,0,0,0,0,0,0,826,0,824,0,826,0,826,0,
338:0,818,826,826,826,826,826,826,826,818,818,818,818,818,818,818,818,818,818,818,818,818,818,
439:0,818,826,826,826,826,826,826,826,958,826,824,0,
472:679,682,818,826,679,683,
583:826,826,826,826,826,826,826,826,826,826,826,
584:826,894,826,826,826,826,826,
615:818,852,852,826,818,818,
661:0,818,826,826,826,826,826,826,826,826,826,826,826,826,826,826,826,826,826,818,818,818,818,818,818,818,818,818,818,818,826,818,826,826,826,826,826,826,826,826,826,826,826,818,818,826,826,826,826,826,826,826,826,826,826,
726:0,818,826,826,826,826,826,826,826,826,826,
744:826,826,826,826,826,826,826,826,826,826,826,826,826,826,826,826,826,
935:0,818,826,826,826,826,826,826,826,826,826,
968:0,818,826,826,826,826,826,826,826,826,826,826,953,953,953,953,953,953,953,826,826,826,
1026:0,818,826,826,826,826,826,826,826,826,826,
1065:0,818,826,826,826,826,826,826,826,826,826,826,826,
1077:826,826,826,826,826,826,826,826,826,826,826,826,826,
Group 34 size 2
112:0,818,818,818,0,818,818,818,818,818,818,818,818,818,818,818,818,818,818,818,818,818,818,818,818,818,925,820,821,818,818,818,818,818,818,818,0,818,818,191,
855:0,191,818,818,818,818,818,850,818,818,818,818,818,818,818,818,818,824,824,
Group 35 size 3
114:116,198,818,956,818,982,818,198,818,826,826,835,826,824,826,826,826,
841:818,818,818,116,184,116,
1050:198,818,222,116,222,223,818,818,818,818,818,818,818,818,51,818,116,169,127,128,
Group 36 size 1
123:0,818,818,818,818,818,818,818,818,818,818,818,818,818,818,824,818,1010,818,818,943,818,818,900,818,818,957,818,818,818,818,818,826,826,919,826,826,826,826,826,826,826,826,826,826,826,826,919,826,826,826,826,826,826,826,826,826,826,826,0,0,0,0,0,818,818,59,818,856,818,0,818,
Group 37 size 1
129:0,818,818,818,818,222,824,818,1011,818,1011,1011,824,818,818,824,222,818,679,
Group 38 size 1
135:0,818,826,826,826,826,826,826,826,826,826,826,826,826,826,826,826,826,826,826,826,826,826,826,
Group 39 size 30
128:1024,1024,818,818,818,818,818,818,818,818,818,818,48,58,44,74,48,824,818,48,818,48,101,81,101,1079,679,74,111,81,58,106,106,106,
136:818,818,818,818,818,818,818,818,818,818,0,818,0,818,818,818,0,818,0,
162:818,0,818,818,818,818,818,818,818,818,818,818,818,818,818,818,
167:0,818,984,984,984,984,984,984,984,984,984,818,0,
170:818,818,818,818,818,818,818,818,818,818,818,818,818,818,818,818,818,818,818,818,818,818,818,818,818,818,818,818,
178:818,818,818,818,818,818,818,818,818,818,818,818,818,
207:0,818,818,818,818,818,818,826,826,826,818,818,826,826,826,826,826,826,0,818,818,818,826,826,826,818,818,826,826,818,818,826,826,826,826,826,818,826,826,826,826,826,826,826,818,826,826,826,826,826,826,826,826,826,826,826,826,826,826,826,826,826,826,826,826,826,826,826,818,826,826,826,826,826,826,826,826,826,826,826,826,826,826,821,821,0,822,822,
223:818,0,818,818,818,818,818,818,818,889,818,876,818,972,818,818,818,818,818,
249:818,818,818,818,818,818,818,818,818,818,818,818,818,818,818,818,
286:827,818,818,818,818,818,818,818,818,818,818,818,818,
288:818,818,818,818,818,818,818,818,818,818,818,818,924,818,0,818,818,818,818,818,818,924,818,818,821,818,818,821,821,818,
309:736,1063,1061,1065,1065,1065,1065,818,818,818,
311:818,818,818,818,818,818,818,818,818,818,0,818,818,818,818,818,818,
405:0,818,818,818,867,867,818,679,867,867,0,818,873,818,
485:0,818,818,818,818,818,818,818,818,818,818,818,0,818,826,826,826,826,826,826,826,826,826,826,826,826,818,826,826,826,826,826,826,826,826,826,826,826,826,826,826,826,826,826,826,826,826,826,826,826,826,826,826,826,826,826,826,826,826,826,826,826,826,826,826,826,826,826,826,826,826,826,826,826,826,826,826,826,0,818,821,821,821,
486:818,818,818,818,818,818,818,818,818,818,818,818,222,818,818,818,818,
543:818,818,818,818,818,818,818,818,818,818,818,818,818,818,818,818,818,818,818,818,818,818,818,
572:0,679,818,818,818,818,818,818,679,818,818,818,818,818,980,980,818,
664:0,0,824,818,818,818,818,818,818,679,0,0,0,0,818,0,818,
687:0,818,818,818,818,818,818,818,959,820,821,818,198,818,198,818,198,818,818,818,198,227,679,818,818,818,821,
701:818,818,818,818,818,818,818,818,818,818,818,818,818,818,818,818,818,818,818,818,818,
721:818,818,818,818,818,818,818,818,818,818,818,818,818,818,
748:0,818,818,824,818,1010,827,679,1077,818,818,818,818,818,
895:0,818,1040,827,827,827,827,827,827,827,1040,818,818,818,826,
933:0,191,818,818,818,826,818,933,818,824,818,818,818,818,818,0,191,818,826,826,826,818,0,191,818,818,818,72,818,818,13,818,818,818,818,818,72,818,818,818,818,29,818,826,826,826,818,818,818,818,818,72,23,818,818,8,818,826,826,818,818,818,818,818,818,72,818,818,78,818,818,818,818,818,818,818,818,818,818,818,818,818,818,818,818,818,818,818,818,818,818,821,821,821,821,818,
937:0,818,818,818,818,818,818,818,818,818,818,818,818,818,818,818,824,818,116,173,173,122,184,128,222,818,198,222,679,706,818,818,818,706,818,926,827,818,
948:818,818,818,818,818,818,818,818,818,818,818,818,818,
976:818,824,818,818,818,818,818,818,818,818,818,818,818,818,
1030:818,818,818,818,818,818,818,818,818,818,818,818,818,818,818,
1063:0,818,826,826,826,818,0,818,826,826,826,826,826,0,818,818,818,818,818,818,818,818,818,818,1012,1012,1012,818,818,881,818,818,818,818,914,818,818,1030,1030,1030,818,818,845,818,818,818,818,818,846,
Group 40 size 1
138:824,818,818,7,818,825,818,818,818,818,818,7,825,7,818,818,18,825,18,818,818,818,818,818,818,818,818,818,818,818,818,818,818,818,818,818,818,818,818,818,818,818,818,818,818,818,818,818,818,818,818,818,818,818,818,818,818,818,818,818,818,818,818,818,818,818,818,679,679,679,818,818,818,818,
Group 41 size 1
142:0,818,0,0,0,1079,1083,1087,1089,1088,1090,1104,1090,
Group 42 size 1
143:0,818,818,818,818,922,922,922,818,818,897,818,818,846,818,818,937,818,818,994,0,
Group 43 size 2
145:679,682,679,679,818,818,818,818,824,818,818,818,818,818,818,818,1003,827,
282:818,679,679,679,679,1077,1077,818,818,
Group 44 size 1
146:679,679,682,682,680,682,0,680,682,679,
Group 45 size 1
149:818,818,818,851,818,818,834,818,818,818,818,818,851,851,818,851,820,821,821,
Group 46 size 1
158:0,0,818,1001,818,852,818,866,818,818,818,851,818,818,818,818,818,818,818,818,818,818,818,818,818,818,818,818,818,818,818,818,818,818,818,818,818,818,818,818,818,818,818,
Group 47 size 7
161:198,818,818,818,818,818,198,818,818,198,818,818,198,
264:237,1115,0,198,1058,1058,1058,1058,1058,1058,1058,1058,1058,1058,1058,1058,1058,237,1114,818,897,897,897,897,897,818,237,818,818,0,679,818,198,116,184,189,191,116,184,116,614,345,635,635,
478:187,0,818,709,293,1079,679,116,664,198,788,1058,128,184,819,825,200,126,127,822,117,122,818,
557:198,1079,824,1079,116,818,818,818,116,818,818,818,116,1079,198,
710:198,198,818,1048,1048,1048,827,1048,1048,1048,818,198,222,223,679,223,222,198,
754:797,1086,191,198,127,116,818,665,713,715,682,681,812,679,667,1098,144,146,679,812,1099,674,664,675,669,667,
917:198,0,679,198,679,222,671,114,818,818,818,818,818,818,818,818,818,818,818,818,818,818,222,671,818,818,818,818,818,818,818,818,818,818,818,818,818,
Group 48 size 3
163:0,788,0,788,0,788,0,788,0,788,0,788,0,788,0,788,
366:0,818,818,818,818,818,818,818,818,818,818,818,818,0,818,818,818,818,818,818,818,818,818,818,818,818,818,818,818,818,818,818,818,818,818,818,818,818,818,818,818,818,818,818,818,818,818,818,818,818,818,818,818,818,818,818,818,818,818,818,818,818,818,818,818,818,818,818,818,818,832,832,822,820,821,832,832,818,818,821,0,818,0,
470:0,679,818,818,818,818,0,818,818,818,963,822,826,0,818,818,818,818,818,818,
Group 49 size 2
166:818,818,788,818,788,818,788,818,788,818,788,
240:0,818,0,818,0,788,788,818,818,818,818,818,818,818,818,
Group 50 size 1
180:0,818,818,818,818,818,818,818,818,818,485,750,632,1064,1063,1063,1063,1066,1061,1061,1065,1065,1065,1065,1065,1065,485,750,
Group 51 size 1
181:0,818,818,818,818,818,818,818,818,818,818,818,818,818,818,818,818,818,818,818,818,818,818,818,818,818,818,818,818,818,818,818,818,818,818,818,898,827,898,818,898,818,0,818,818,818,818,818,818,818,818,818,818,818,818,818,818,818,818,818,818,818,818,818,818,818,818,818,818,818,818,818,886,886,
Group 52 size 1
187:0,818,826,826,818,826,
Group 53 size 6
193:818,818,818,818,818,818,818,818,818,222,281,818,821,818,
215:0,818,818,818,818,818,818,818,818,818,818,818,818,818,0,818,818,818,970,970,818,0,818,818,818,198,
319:679,799,824,1011,818,1011,824,824,1011,818,818,824,1011,818,679,799,824,1011,818,818,818,818,818,824,818,1010,222,671,818,818,818,818,979,979,979,
713:0,818,818,818,818,818,818,818,818,818,818,818,818,818,0,818,818,818,818,818,818,818,818,818,818,818,818,818,818,
867:818,1043,818,891,891,818,222,824,818,818,818,818,884,818,818,818,935,818,818,818,818,1039,818,818,948,818,818,967,827,
998:818,818,818,818,818,818,818,818,818,818,708,818,818,818,708,818,818,818,708,708,708,708,708,708,708,818,818,818,
Group 54 size 1
195:818,818,818,818,818,818,944,827,827,827,827,827,827,827,818,914,827,222,818,818,818,818,818,1032,827,827,827,827,827,827,827,818,818,944,827,818,818,818,
Group 55 size 4
198:821,818,818,821,821,821,818,821,818,
520:0,818,818,818,818,818,818,818,818,818,0,818,818,818,818,818,818,818,901,818,818,0,818,818,818,818,895,818,818,818,818,818,818,818,818,818,818,818,818,818,818,818,818,818,818,818,818,818,818,818,818,818,818,818,818,818,818,818,818,818,818,818,818,818,818,818,818,818,0,818,818,818,818,818,821,821,821,
774:818,818,820,821,818,831,818,818,818,818,818,818,818,818,818,818,818,818,818,
946:0,818,876,818,988,818,818,818,818,818,966,966,966,966,818,1025,818,827,1025,818,818,1016,1016,818,818,843,843,843,843,843,818,818,818,832,818,818,818,818,818,870,870,870,818,818,818,818,1025,818,818,818,818,818,818,818,829,818,825,818,818,818,818,818,818,818,818,818,818,818,818,853,818,827,853,818,818,818,818,853,820,821,
Group 56 size 1
200:0,818,191,818,818,818,818,818,818,818,222,671,818,818,818,818,818,818,818,818,818,818,818,5,54,33,5,34,24,69,24,34,54,54,83,5,83,83,83,104,81,104,69,109,69,
Group 57 size 8
202:234,818,234,232,234,232,232,234,232,
218:234,234,234,234,234,234,234,234,234,
775:235,0,275,234,198,232,
877:232,199,234,232,232,234,232,232,234,
923:198,198,198,237,1115,1114,237,237,234,234,1114,237,237,
1010:234,234,234,234,234,234,234,
1025:234,232,234,234,234,234,
1066:0,198,275,234,238,208,
Group 58 size 1
219:0,788,0,788,0,788,0,788,0,788,0,788,0,788,788,
Group 59 size 1
226:0,818,826,826,818,826,
Group 60 size 2
227:0,818,818,818,818,818,0,818,818,984,984,818,984,818,222,818,818,818,222,818,818,0,818,818,818,818,818,818,818,818,818,818,818,818,818,818,818,818,818,818,818,818,818,818,818,818,818,818,818,818,818,818,818,818,818,818,818,818,818,818,1008,818,818,0,818,818,0,818,818,818,37,824,818,818,818,
939:0,818,826,826,826,826,818,818,116,818,818,818,848,
Group 61 size 1
234:0,824,0,385,385,116,116,403,116,122,116,
Group 62 size 1
237:0,0,0,0,0,0,0,0,0,0,0,0,0,0,
Group 63 size 1
244:0,191,818,824,818,818,818,818,818,818,942,818,818,818,818,818,818,818,818,818,818,818,
Group 64 size 2
252:818,1025,818,1025,818,1025,818,1025,818,1025,818,1025,
817:665,818,191,797,665,191,664,114,797,665,798,818,192,808,795,184,798,795,808,128,241,
Group 65 size 2
255:1123,235,708,275,234,232,0,198,
330:708,708,679,1123,198,799,0,679,708,708,708,679,0,679,799,198,
Group 66 size 1
260:0,818,818,967,967,967,818,
Group 67 size 1
262:664,664,664,664,664,664,664,664,664,664,664,664,664,664,664,664,664,664,664,664,
Group 68 size 1
272:1123,679,708,198,0,799,679,
Group 69 size 1
299:679,799,679,799,682,714,
Group 70 size 1
301:679,680,682,824,679,679,
Group 71 size 2
302:679,824,679,679,679,682,679,679,
455:679,799,679,679,679,679,799,
Group 72 size 1
321:0,818,818,818,818,818,826,826,826,826,818,818,818,818,826,826,826,826,826,826,
Group 73 size 2
324:708,0,198,799,679,797,184,204,197,680,191,116,807,
343:1123,679,708,679,0,198,799,
Group 74 size 1
334:0,818,818,818,818,818,818,818,818,818,818,818,818,818,818,818,818,818,818,818,818,818,818,818,818,818,818,818,818,818,826,826,818,818,818,818,818,818,818,818,826,826,818,818,818,818,826,826,824,818,818,818,826,826,818,818,818,818,818,826,826,826,826,826,664,826,826,818,826,826,826,826,826,826,818,818,818,818,818,818,818,818,818,818,818,818,818,818,818,818,818,826,826,826,826,826,826,826,826,826,826,826,826,826,826,826,818,818,826,826,826,826,826,826,826,826,826,826,826,826,826,826,826,826,826,826,826,826,826,826,826,826,826,826,826,826,826,818,818,818,818,818,818,826,826,826,818,818,821,818,821,821,818,818,818,818,818,907,907,907,818,818,818,818,818,818,818,818,818,818,818,679,222,818,824,198,818,818,818,818,818,818,818,818,818,818,818,818,
Group 75 size 1
346:222,818,818,818,818,818,818,52,103,103,103,23,93,93,39,97,39,23,65,818,97,97,81,679,679,679,818,818,79,112,79,79,1,75,81,1,81,79,81,81,81,81,81,81,81,81,682,81,81,679,824,679,818,818,818,11,87,81,1,11,12,88,12,88,12,818,818,8,85,818,818,43,46,99,43,99,43,100,46,818,818,88,449,12,88,81,81,12,
Group 76 size 3
350:198,198,198,116,180,128,171,128,180,198,
516:679,679,799,198,682,683,682,714,679,680,681,1083,680,812,680,682,173,175,173,157,128,812,0,157,
778:679,0,679,198,799,799,
Group 77 size 7
354:788,788,788,788,788,788,788,788,
502:788,788,788,788,788,788,788,788,
587:788,788,788,788,788,788,
607:788,788,788,788,788,788,788,788,
759:788,788,788,788,788,788,788,788,
825:788,788,788,788,788,788,788,788,
1029:788,788,788,788,788,788,
Group 78 size 5
281:797,191,184,116,197,680,807,204,
347:169,167,679,116,222,116,117,128,167,
358:116,818,116,818,679,818,
476:818,818,222,116,222,818,818,818,818,818,
552:0,191,824,116,788,222,671,116,788,824,0,191,
Group 79 size 1
359:679,799,682,714,679,799,
Group 80 size 1
363:0,818,818,818,0,282,232,
Group 81 size 1
368:826,818,826,818,818,818,1032,818,818,818,818,818,818,818,818,818,818,818,818,818,818,818,818,818,818,818,826,826,826,826,826,818,222,222,818,818,818,818,818,818,818,818,818,818,818,818,818,818,818,818,818,818,
Group 82 size 2
369:222,818,818,818,818,826,826,826,818,818,818,886,818,818,818,818,818,818,818,818,818,818,818,818,818,818,818,818,818,818,818,818,818,818,818,818,818,818,818,756,
1020:818,818,825,222,818,825,222,223,222,818,1041,1041,818,222,222,1041,
Group 83 size 2
373:0,818,818,818,824,818,818,818,818,818,818,818,818,818,818,818,818,818,818,0,818,818,818,679,822,664,679,818,818,818,821,821,818,818,818,0,818,818,818,821,821,
862:0,679,824,222,219,222,222,824,222,222,818,222,
Group 84 size 1
375:0,818,826,923,820,821,
Group 85 size 4
266:0,818,979,979,979,979,979,818,0,818,995,818,995,818,818,818,818,818,818,818,
378:818,818,818,0,0,0,824,818,818,818,818,818,824,0,198,240,198,0,198,237,1115,1114,237,818,818,1044,
581:0,824,818,818,826,894,0,818,826,826,826,826,826,826,826,818,826,826,826,826,826,826,826,818,826,818,826,
1053:0,818,834,818,818,818,832,818,818,818,829,818,829,818,818,679,818,1014,818,818,818,818,818,818,946,818,946,829,
Group 86 size 1
390:222,818,826,826,818,826,1031,1031,822,1031,
Group 87 size 2
393:0,191,818,818,818,818,818,818,818,818,818,818,818,818,0,818,826,818,826,818,818,818,818,818,818,826,818,826,826,818,818,818,826,826,826,826,826,826,826,826,826,826,826,826,826,826,826,826,826,826,826,826,826,0,191,818,818,818,818,931,818,903,818,818,818,818,818,818,679,799,818,682,714,679,818,824,818,818,818,818,818,818,818,818,818,818,818,818,818,818,818,818,818,818,818,818,818,818,818,818,818,818,818,818,818,818,818,818,818,818,818,818,818,818,818,818,818,818,818,818,818,818,818,818,818,818,818,818,818,
907:0,818,818,818,818,818,222,223,818,826,826,818,826,826,818,818,818,818,826,826,826,826,826,826,826,826,826,826,826,826,826,826,826,818,222,222,223,818,826,826,826,818,826,826,826,826,826,826,826,826,826,826,826,826,826,826,
Group 88 size 1
395:818,818,818,818,818,865,865,865,818,818,818,818,818,818,818,818,818,818,818,679,
Group 89 size 1
398:679,799,679,799,682,714,679,
Group 90 size 1
402:679,682,679,679,818,1023,818,818,818,818,679,
Group 91 size 1
417:679,799,679,799,682,714,682,714,
Group 92 size 1
429:708,0,799,191,708,114,0,
Group 93 size 1
453:0,818,818,818,18,79,77,53,
Group 94 size 3
457:818,818,818,818,0,818,818,818,818,818,818,818,818,818,0,818,818,818,818,818,66,818,818,818,818,
813:0,824,818,818,818,818,0,818,0,818,818,818,818,818,818,818,818,818,818,818,818,818,818,818,818,818,818,818,818,818,818,818,818,818,818,818,825,825,818,818,818,
829:818,788,818,788,818,788,818,788,818,788,818,788,818,818,788,818,788,
Group 95 size 6
186:0,222,213,211,282,237,818,237,1115,1114,286,
461:237,1115,1115,1115,1115,1115,1115,237,237,
842:679,679,198,275,199,237,1115,238,282,116,
928:237,237,1115,1115,1115,1115,1115,1115,237,1115,240,
938:237,240,237,240,1114,1115,222,671,222,671,
944:198,222,222,237,1115,213,230,277,116,
Group 96 size 1
462:679,682,679,682,210,208,210,682,624,
Group 97 size 1
465:0,818,0,818,228,229,227,
Group 98 size 4
459:372,372,371,630,626,635,637,639,628,641,643,624,649,650,653,620,622,655,645,647,708,818,818,696,
467:818,818,818,818,222,818,818,818,818,818,818,818,818,818,818,818,818,818,818,818,818,818,818,818,818,
1021:818,818,818,818,222,818,818,818,818,818,818,818,
1038:0,818,906,818,222,824,1011,818,818,818,818,818,818,818,818,818,818,818,818,818,818,941,
Group 99 size 1
484:198,679,679,799,818,818,818,826,826,826,826,826,826,
Group 100 size 1
491:0,824,679,824,818,824,
Group 101 size 1
515:116,116,116,167,170,167,116,117,
Group 102 size 1
523:198,818,818,922,818,818,198,
Group 103 size 2
531:826,826,826,826,826,826,826,826,826,826,826,826,826,826,826,826,826,826,826,826,826,
730:818,824,818,824,818,818,818,818,818,818,818,818,818,818,818,818,818,826,826,826,826,826,
Group 104 size 1
541:818,818,818,818,818,840,840,840,840,840,840,840,818,818,818,818,818,818,818,818,818,818,818,818,818,818,818,818,818,818,222,818,818,818,818,818,818,818,818,818,818,818,818,818,818,818,818,818,818,818,818,818,818,818,922,827,818,818,818,818,818,
Group 105 size 1
544:198,818,818,818,818,818,818,818,824,818,869,869,818,818,818,818,818,989,
Group 106 size 5
91:732,1064,1063,1061,1065,1065,1065,1065,1065,1065,1065,1065,1065,1065,1065,1065,1065,1065,1065,818,859,859,859,679,818,818,
355:286,290,818,818,818,818,818,818,818,818,818,818,818,818,818,818,818,818,818,818,818,818,818,818,818,818,818,818,818,818,818,818,818,818,818,818,818,818,818,818,818,818,818,818,818,818,818,818,818,818,818,818,818,818,818,818,818,818,818,818,818,818,818,818,818,818,824,818,818,818,818,818,818,818,818,818,818,818,818,818,818,818,818,818,818,818,818,818,818,818,818,818,818,818,818,818,818,818,818,818,818,818,818,818,679,799,222,671,664,683,664,
477:732,1064,1063,730,1061,1065,1065,1065,1065,1065,1065,1065,1065,1065,1065,1065,1065,1065,1065,1065,1065,1065,1065,1065,1065,1065,1065,1065,1065,1065,1065,1065,818,1065,859,859,859,818,732,
566:818,818,818,818,818,818,818,818,818,818,818,818,818,818,818,818,818,818,818,818,818,818,818,818,818,818,818,818,818,818,818,818,818,818,818,818,818,818,818,818,818,818,818,818,818,818,818,818,818,818,826,826,826,826,826,826,826,826,826,826,826,826,826,826,826,826,826,826,818,818,818,818,818,818,818,818,818,0,818,818,818,818,818,818,818,818,818,818,818,818,818,818,818,818,818,818,818,818,818,818,818,818,818,818,818,818,818,818,818,818,818,818,818,818,0,0,818,1009,1009,818,818,978,818,818,818,818,818,818,818,818,0,0,824,222,818,818,818,818,818,818,818,818,818,818,818,818,818,818,818,818,818,818,818,977,818,818,818,818,818,818,818,818,818,818,818,818,818,818,818,818,818,844,844,820,821,788,820,
1079:767,632,1061,1061,1061,1061,1061,1061,1065,1065,1065,818,818,818,632,1061,1061,1061,1061,1061,1061,633,1061,1061,1061,1061,1061,1061,1061,1061,1065,1065,1065,1062,1061,1065,1065,1062,1065,1065,1062,1062,1065,1065,1065,1065,1065,1065,1065,1065,1065,1065,1065,1065,1065,1065,1065,1065,1065,1065,1065,1065,1062,1065,1065,1062,1065,1065,1065,1062,1065,1065,1065,1065,1065,1062,1065,1065,1062,1065,1062,1065,1062,1065,1062,1065,1065,1065,1065,1065,1062,1065,1065,1065,1062,1065,1062,1065,1062,1065,1062,633,1061,1061,1061,1061,1061,1061,1061,1061,1062,1061,1065,1065,1065,1065,1062,1065,1065,1065,1065,1065,1065,1065,1065,1065,1062,1065,1065,1065,1065,1062,1065,1062,1065,633,632,1061,1061,1061,1061,1061,1061,
Group 107 size 1
568:0,818,818,1028,222,825,679,198,222,788,679,818,788,819,788,788,818,824,818,1028,1028,818,222,222,0,788,788,
Group 108 size 1
576:827,818,827,827,827,818,818,818,818,818,818,818,818,818,818,818,818,
Group 109 size 7
580:0,788,0,0,818,818,818,818,818,818,818,818,818,818,818,818,818,
643:0,818,950,950,788,665,792,1094,818,818,
657:0,818,664,664,0,818,818,818,
712:0,818,0,825,0,818,818,818,818,818,818,818,818,818,198,818,818,1058,818,818,
806:0,222,818,222,0,818,818,818,818,818,818,818,
847:0,818,818,818,824,818,818,818,818,818,818,818,818,818,818,818,818,818,826,826,826,826,826,826,826,826,826,826,826,826,826,826,826,
961:818,818,824,818,0,818,818,818,818,936,818,818,818,821,936,
Group 110 size 1
589:788,788,788,788,788,788,788,788,788,788,
Group 111 size 1
605:0,824,818,818,818,818,818,818,818,818,818,818,952,818,818,818,818,940,818,825,818,818,818,818,818,818,818,818,818,818,818,818,818,818,818,818,818,818,818,952,1105,1105,818,818,818,818,818,882,821,818,824,
Group 112 size 4
614:679,799,679,679,198,679,679,824,679,679,799,
821:679,679,682,682,679,682,679,679,
881:0,1123,708,0,191,797,114,818,818,865,0,679,198,679,799,0,0,797,0,191,818,818,818,0,818,818,818,0,818,818,0,818,818,0,0,818,
1061:679,116,222,199,222,116,679,679,
Group 113 size 1
623:679,799,682,714,679,799,
Group 114 size 1
633:1123,708,0,114,191,797,0,0,0,
Group 115 size 1
634:1123,0,708,191,797,0,
Group 116 size 1
650:818,818,826,826,826,826,818,818,826,222,671,826,818,818,818,818,
Group 117 size 1
656:198,818,818,818,1029,1029,818,818,
Group 118 size 1
669:679,679,818,818,981,818,818,981,679,679,818,
Group 119 size 1
671:818,928,818,735,222,223,277,
Group 120 size 1
680:679,799,682,714,679,799,
Group 121 size 1
688:0,818,818,818,818,818,818,818,818,818,818,818,818,818,818,818,818,818,818,824,818,1010,827,1010,818,824,1011,818,1011,824,818,824,818,1010,827,818,955,820,821,821,818,
Group 122 size 1
694:679,799,679,799,682,714,679,799,
Group 123 size 1
703:679,679,682,824,682,680,682,679,679,679,682,679,824,679,679,
Group 124 size 1
708:818,818,818,818,40,722,40,722,40,722,40,
Group 125 size 3
306:0,824,825,824,818,818,818,818,818,818,0,818,818,818,825,818,818,818,818,818,818,818,818,818,818,818,818,824,1011,818,818,826,0,818,818,818,824,818,818,818,818,818,818,818,818,818,818,818,818,818,0,818,818,818,826,818,818,818,818,818,818,818,818,818,818,818,818,818,818,818,818,818,818,818,818,818,818,818,818,818,818,831,831,827,818,818,818,818,818,818,818,818,818,818,818,818,818,818,818,818,818,818,818,818,818,818,818,818,818,818,818,818,818,818,818,
714:0,0,818,818,818,818,818,818,818,818,818,818,818,0,818,818,818,818,826,826,826,818,818,818,0,818,0,818,0,818,818,0,818,0,818,818,818,826,826,826,826,826,826,826,826,826,826,826,826,826,826,826,826,826,826,826,826,826,826,826,826,826,818,825,818,818,826,822,818,890,890,
916:818,0,818,0,0,818,818,818,
Group 126 size 1
716:679,799,682,714,679,799,
Group 127 size 1
719:0,818,198,208,275,824,824,824,824,
Group 128 size 1
729:0,818,818,818,818,818,818,818,818,818,818,818,818,818,818,818,818,818,818,818,818,818,818,818,818,818,818,818,818,50,29,22,47,16,22,92,81,81,818,818,878,0,818,818,818,818,818,818,818,818,818,818,818,818,818,818,818,818,818,818,818,22,818,818,818,818,818,818,818,818,818,818,818,818,818,891,827,827,818,891,827,818,818,818,818,818,825,679,683,818,818,679,818,818,818,818,818,818,818,818,818,818,818,818,818,
Group 129 size 1
755:679,799,679,799,679,799,
Group 130 size 1
758:679,1077,679,1077,818,818,818,1077,818,722,818,
Group 131 size 1
763:818,818,818,818,49,818,818,818,818,818,818,
Group 132 size 1
773:818,818,818,818,818,824,679,198,818,222,722,722,722,818,818,818,818,818,818,818,818,818,818,818,818,818,818,818,818,818,818,818,818,818,818,818,818,818,818,818,818,818,818,818,682,664,682,682,664,664,
Group 133 size 1
779:679,799,682,714,679,799,
Group 134 size 1
785:818,818,818,888,827,818,
Group 135 size 2
508:798,192,184,795,808,684,682,709,664,679,
789:679,799,682,714,682,714,679,679,679,679,
Group 136 size 3
604:199,1123,708,232,0,199,198,238,
792:232,233,198,199,0,232,234,199,
804:234,198,234,232,234,234,282,232,232,282,234,238,234,234,
Group 137 size 3
724:819,819,0,818,1003,1003,1003,818,818,818,818,818,818,818,818,1018,827,827,827,827,827,819,819,0,818,819,819,0,818,1018,827,827,820,821,819,819,0,818,818,903,0,222,222,818,818,818,222,277,213,277,818,818,818,903,827,818,818,818,819,819,819,0,818,901,827,818,820,821,819,819,0,222,818,818,818,818,818,818,0,0,
797:821,821,821,821,818,818,821,818,821,818,818,818,818,818,818,818,818,818,818,818,818,818,818,818,818,818,818,818,818,818,818,818,818,818,818,818,818,818,818,818,818,818,818,818,818,818,818,818,818,818,818,818,818,818,818,818,818,826,826,826,826,826,826,826,826,826,818,818,818,818,818,818,818,818,818,818,818,818,818,818,818,818,818,818,818,848,848,818,818,818,818,818,818,818,
815:818,818,818,984,984,984,818,818,818,818,818,871,818,818,818,818,818,818,1025,827,818,818,818,993,818,993,820,821,820,820,818,818,871,820,821,821,821,
Group 138 size 1
820:0,818,0,818,0,818,0,818,
Group 139 size 1
827:818,818,818,843,818,818,818,818,1042,1042,1042,1042,818,818,818,818,1008,1008,818,1042,1042,818,818,1000,1000,1000,818,1000,
Group 140 size 1
853:818,818,818,983,818,818,222,116,
Group 141 size 1
854:0,818,0,709,0,116,
Group 142 size 1
872:0,191,679,799,682,714,
Group 143 size 2
874:234,232,232,199,234,232,199,238,
997:234,232,234,232,232,199,
Group 144 size 1
884:0,818,818,818,818,818,818,818,818,818,818,818,818,818,818,818,818,818,818,818,818,818,818,818,818,818,818,818,818,818,818,818,818,818,818,818,818,818,818,818,818,818,818,818,818,818,818,818,818,818,818,818,818,818,818,818,818,818,818,818,818,818,818,818,818,818,818,818,818,818,818,818,818,818,818,818,818,818,818,818,818,818,818,818,818,818,818,818,818,818,818,818,818,818,818,818,818,818,818,818,818,818,818,818,818,818,818,818,818,818,818,818,818,818,818,818,818,818,818,818,818,818,818,818,818,818,818,818,818,818,818,818,818,818,818,818,818,818,818,818,818,818,818,818,818,818,818,818,818,818,818,818,818,818,818,818,818,818,818,818,818,818,818,818,818,818,818,818,818,818,818,818,818,818,818,818,818,818,818,818,818,818,818,818,818,818,818,818,818,818,818,818,818,818,818,818,818,818,818,818,818,818,818,818,818,818,818,818,818,818,818,818,818,818,818,818,818,818,818,818,818,818,818,818,818,818,818,818,818,818,818,818,818,818,818,818,818,818,818,818,818,818,818,818,818,818,818,818,818,818,818,818,818,818,818,818,818,818,818,818,818,818,818,818,818,818,818,818,818,818,818,818,818,818,
Group 145 size 1
885:679,799,682,714,679,799,682,714,679,799,
Group 146 size 1
886:679,799,682,714,679,799,
Group 147 size 1
888:198,679,818,818,818,818,818,818,818,818,1005,1005,1005,818,818,818,818,824,818,818,818,818,818,818,818,818,818,818,818,818,818,818,818,818,818,818,889,889,889,889,889,818,889,818,818,818,818,818,818,818,818,818,818,818,818,
Group 148 size 1
890:788,788,788,788,788,788,788,788,788,788,788,788,
Group 149 size 1
894:679,799,679,799,682,714,679,799,679,799,
Group 150 size 1
918:679,799,679,799,682,714,
Group 151 size 3
809:209,275,191,797,679,275,282,191,679,797,798,234,282,283,184,808,799,795,192,712,
920:234,232,234,232,234,232,234,232,234,232,234,232,234,232,234,232,
982:234,232,208,211,232,232,234,232,208,238,277,277,238,208,232,234,232,211,208,211,
Group 152 size 1
925:679,799,682,714,679,799,
Group 153 size 1
931:679,799,679,799,682,714,
Group 154 size 1
934:818,818,818,818,818,818,818,818,818,818,818,818,818,975,975,818,975,818,198,818,818,818,818,818,818,818,818,818,818,818,818,818,198,818,818,818,198,818,818,818,818,818,818,818,818,818,818,818,818,818,826,826,826,826,826,826,826,818,818,818,818,818,818,818,818,
Group 155 size 3
257:1123,0,208,237,198,240,
349:237,208,270,183,128,237,208,797,191,198,209,270,679,282,797,183,191,269,798,128,181,795,192,808,184,197,198,275,116,
950:237,1115,237,1114,237,818,818,818,818,1037,1037,818,818,1037,1037,818,818,818,818,
Group 156 size 1
967:818,0,818,818,960,960,960,960,960,960,960,960,818,818,818,
Group 157 size 1
970:679,708,0,0,418,589,515,465,761,718,296,399,536,526,708,708,314,679,708,0,0,549,418,589,314,465,526,718,296,399,536,418,419,418,418,
Group 158 size 1
975:709,818,818,818,818,818,818,818,818,818,818,960,818,818,222,223,818,983,983,983,818,223,818,818,818,818,818,818,1036,818,818,818,818,893,818,818,818,818,818,818,818,818,818,818,818,818,818,
Group 159 size 1
980:0,818,818,818,818,818,983,983,983,827,818,818,983,818,818,818,818,
Group 160 size 1
981:222,818,818,818,898,818,818,818,818,818,818,818,818,818,818,818,818,818,818,818,818,818,818,818,818,818,818,818,818,818,818,818,818,818,818,818,818,818,818,1044,222,818,824,818,818,818,7,818,818,818,818,818,818,818,818,818,818,818,818,818,818,818,818,818,818,818,818,818,818,818,818,818,818,818,818,818,818,818,818,818,818,818,818,1044,818,818,820,821,222,222,222,222,222,222,821,818,222,821,818,
Group 161 size 2
832:234,234,232,232,234,232,
985:232,232,234,232,234,232,
Group 162 size 1
991:818,818,818,848,848,848,818,818,818,
Group 163 size 1
1000:232,232,232,232,208,275,234,232,
Group 164 size 2
560:819,819,0,818,936,818,818,818,819,819,0,818,915,915,819,679,827,915,915,818,818,0,818,818,915,
1013:0,788,679,785,818,971,818,
Group 165 size 1
1014:0,818,818,818,846,818,818,818,937,937,937,937,937,937,937,937,937,937,818,818,818,818,0,818,818,818,818,818,937,937,937,818,818,846,818,0,818,0,818,0,818,0,818,0,0,818,818,953,953,953,818,818,818,818,818,818,818,818,1019,818,818,818,879,818,818,886,818,818,818,818,1002,818,818,910,818,
Group 166 size 1
1015:0,824,788,824,679,679,
Group 167 size 1
1032:0,818,818,40,0,818,0,818,0,818,
Group 168 size 1
1035:679,799,682,714,679,799,682,714,
Group 169 size 1
1039:0,818,818,818,818,818,818,818,0,818,818,818,818,818,818,818,818,
Group 170 size 1
1042:818,818,818,818,818,826,845,826,826,826,826,826,826,826,826,826,826,826,
Group 171 size 1
1045:818,824,818,818,818,824,818,824,818,818,818,818,818,1007,1007,
Group 172 size 1
1054:116,818,818,1023,818,818,818,826,826,826,826,826,826,826,826,826,826,826,826,826,
Group 173 size 1
1058:679,799,679,799,682,714,
Group Noise size 161
2:1054,1054,1054,1054,1054,1054,1054,1054,1054,1054,1054,1054,1054,1054,1054,1054,1054,1054,1054,1054,1054,1054,1054,1054,1054,1054,1054,1054,1054,1054,1054,1054,1054,1054,1054,1054,1054,1054,1054,1054,1054,1054,1054,1054,1054,1054,1054,1054,1054,1054,1054,1054,1054,
3:198,194,194,198,222,198,226,198,198,
4:1054,1054,1054,1054,1054,1054,1054,1054,1054,1054,1054,1054,1054,1054,1054,1054,1054,1054,1054,1054,1054,
11:663,663,663,663,663,663,663,663,708,663,663,663,663,663,663,663,663,663,663,663,663,663,663,663,663,663,663,663,663,663,663,663,663,663,663,663,663,663,663,663,663,
17:198,679,240,208,260,261,
30:680,679,824,679,824,679,680,
34:169,167,167,824,167,117,121,121,
37:818,818,237,1115,0,818,818,818,818,818,818,818,818,818,818,818,818,818,818,818,818,818,818,818,818,818,818,818,818,818,818,818,818,818,818,818,818,818,818,818,818,818,436,387,818,818,0,664,667,
43:240,246,242,248,244,245,247,249,272,241,243,251,253,256,259,258,261,260,254,257,255,264,252,263,265,266,250,262,267,273,269,270,268,274,271,
45:1054,1054,1054,1054,1054,1054,1054,
49:164,237,237,1116,680,680,234,232,
51:695,459,695,768,768,459,695,459,768,459,768,
52:821,118,119,184,122,116,679,
55:354,354,354,354,354,354,354,354,354,
62:818,818,526,818,1119,1119,1119,1119,1119,1119,1119,1119,1119,1119,1119,1119,1119,1119,1119,1119,1119,1119,1119,1119,1119,1119,1119,1119,1119,1119,1119,1119,1119,1119,1119,1119,1119,1119,1119,1119,1119,1119,1119,1119,1119,1119,1119,1119,1119,1119,1119,1119,1119,1119,1119,1119,1119,1119,1119,1119,1119,1119,1119,1119,1119,1119,1119,1119,1119,1119,1119,1119,1119,1119,1119,1119,1119,1119,1119,1119,1119,1119,1119,1119,1119,1119,1119,1119,1119,1119,1119,1119,1119,1119,1119,1119,1119,
73:679,799,819,819,819,819,819,819,819,
74:695,695,697,695,459,686,689,699,740,
82:679,198,237,277,237,198,679,
85:818,818,1044,1044,1044,818,818,818,1044,1044,1044,818,
88:526,527,296,297,589,590,418,419,549,550,
93:1053,1053,1053,1053,1053,1053,1053,1053,1053,1053,1053,1053,1053,1053,1053,1053,
118:192,818,818,824,818,818,947,947,947,818,818,818,818,818,818,818,818,818,818,818,818,818,818,818,818,818,1026,722,1026,722,1026,722,1026,822,1026,818,818,818,818,818,818,818,818,818,818,0,818,825,818,818,818,1026,820,821,
121:1054,1054,1054,1054,1054,1054,1054,1054,1054,
122:237,1115,1114,1113,237,237,818,
126:157,204,164,159,164,159,164,
127:1112,1112,1117,1117,1117,1117,1117,1117,
130:805,804,802,803,806,809,801,802,788,665,
140:459,462,695,696,740,741,
151:164,164,164,164,164,164,164,164,164,164,164,275,
154:731,1064,1063,1061,1065,1065,1065,
155:316,746,776,602,551,459,
159:515,761,526,465,536,465,1053,296,338,418,
160:536,526,399,515,761,296,399,1053,465,526,399,536,320,314,
173:690,339,399,296,761,338,
174:473,338,473,690,761,515,515,589,761,515,765,
183:732,1064,1063,1066,1065,1065,1065,1065,1065,1065,1065,1065,1065,1065,1065,1065,1065,1065,1065,1065,1065,1065,1065,1065,1065,
185:536,818,1033,818,818,927,818,1033,818,818,927,818,1033,818,818,927,818,1033,818,818,927,818,1033,818,818,927,818,818,818,818,1033,818,818,927,
209:519,1064,1063,1061,1065,1065,1065,1065,1065,1065,1065,1065,1065,1065,1065,1065,1065,1065,1065,1065,1065,1065,1065,1065,1065,1065,818,818,818,
210:445,679,824,1011,818,824,818,
224:174,165,174,165,173,157,174,165,174,165,
225:227,226,222,226,229,220,227,818,818,818,60,818,818,818,818,818,60,818,818,818,17,825,17,818,17,818,17,818,818,818,818,818,818,818,818,818,818,818,818,818,
230:695,697,695,695,696,695,526,
233:452,453,293,624,459,460,453,453,453,453,453,453,453,624,
235:1053,1053,1053,1053,1053,1053,1053,1053,1053,
236:432,340,746,752,768,596,569,452,385,699,
242:192,184,795,808,799,232,194,192,184,795,808,799,232,194,235,209,240,
247:169,170,169,170,614,345,169,170,
263:140,142,140,143,140,173,234,234,234,232,234,232,
278:818,818,664,664,818,818,
279:699,633,1064,1063,1063,1063,1061,1061,1061,1061,699,699,0,282,237,1116,
285:793,818,824,1011,818,1011,824,1011,818,
289:1054,0,1054,0,1054,0,1054,0,1054,0,
290:1055,1054,1055,1054,1055,1054,1055,1054,1055,1054,
296:169,170,170,168,824,170,168,169,170,170,168,168,289,170,168,
308:1123,708,400,399,465,724,0,
315:736,1064,1063,1061,1065,1065,1065,1065,1065,1065,1065,1065,1065,1065,
320:519,1064,1063,1061,1065,1065,1065,
328:271,1080,1081,1103,1080,1082,1104,1082,1079,
332:237,1114,818,818,818,937,937,818,818,818,818,818,818,818,818,818,818,818,826,818,230,213,215,214,
333:818,908,908,908,818,485,485,
335:438,328,632,1064,1063,1063,1063,1066,1061,1061,1065,1065,1065,679,1065,1065,799,
341:0,191,664,683,664,664,664,664,664,664,664,
351:198,240,246,198,198,285,199,
362:282,818,222,818,282,818,282,818,799,818,
372:595,608,576,797,191,726,424,
377:157,158,165,164,159,126,117,122,117,120,128,171,157,164,157,164,116,403,402,402,402,402,402,402,402,402,165,166,157,166,162,164,164,
387:1124,1124,1124,1124,1124,1124,1124,1124,1124,1124,1124,1124,1124,1124,1124,1124,1124,1124,1124,1124,1124,1124,1124,1124,1124,1124,1124,1124,1124,1124,1124,1124,1124,1124,1124,1124,1124,1124,1124,1124,1124,1124,1124,1124,1124,1124,1124,1124,1124,1124,1124,1124,1124,1124,1124,1124,1124,1124,1124,1124,1124,1124,1124,1124,1124,1124,1124,1124,1124,1124,1124,1124,1124,1124,1124,1124,1124,1124,1124,1124,1124,1124,1124,1124,1124,1124,1124,1124,1124,1124,1124,1124,1124,1124,1124,1124,1124,1124,1124,1124,1124,1124,1124,1124,1124,1124,1124,1124,1124,1124,1124,1124,1124,1124,1124,1124,1124,1124,1124,1124,1124,1124,1124,1124,1124,1124,1124,1124,1124,1124,1124,1124,1124,1124,1124,1124,1124,1124,1124,1124,1124,1124,1124,1124,1124,1124,1124,1124,1124,1124,1124,1124,1124,1124,1124,1124,1124,1124,1124,1124,1124,1124,1124,1124,1124,1124,1124,1124,1124,1124,1124,1124,1124,1124,1124,1124,1124,1124,1124,1124,1124,1124,1124,1124,1124,1124,1124,1124,1124,1124,1124,1124,1124,1124,1124,1124,1124,1124,1124,1124,1124,1124,1124,1124,1124,1124,1124,1124,1124,1124,1124,1124,1124,1124,1124,1124,1124,1124,1124,1124,1124,1124,1124,1124,1124,1124,1124,1124,1124,1124,1124,1124,1124,1124,1124,1124,1124,1124,1124,1124,1124,1124,1124,1124,1124,1124,1124,1124,1124,1124,1124,1124,1124,1124,1124,1124,1124,1124,1124,1124,1124,1124,1124,1124,1124,1124,1124,1124,1124,1124,1124,1124,1124,1124,1124,1124,1124,1124,1124,1124,1124,1124,1124,1124,1124,1124,1124,1124,1124,1124,1124,1124,1124,1124,1124,1124,1124,1124,1124,1124,1124,1124,1124,1124,1124,1124,1124,1124,1124,1124,1124,1124,1124,1124,1124,1124,1124,1124,1124,1124,1124,1124,1124,1124,1124,1124,1124,1124,1124,1124,1124,1124,1124,1124,1124,1124,1124,1124,1124,1124,1124,1124,1124,1124,1124,1124,1124,1124,1124,1124,1124,1124,1124,1124,1124,1124,1124,1124,1124,1124,1124,1124,1124,1124,1124,1124,1124,1124,1124,1124,1124,1124,1124,1124,1124,1124,1124,1124,1124,1124,1124,1124,1124,1124,1124,1124,1124,1124,1124,1124,1124,1124,1124,1124,1124,1124,1124,1124,1124,1124,1124,1124,1124,1124,1124,1124,1124,1124,1124,1124,1124,1124,1124,1124,1124,1124,1124,1124,1124,1124,1124,1124,1124,1124,1124,1124,1124,1124,1124,1124,1124,1124,1124,1124,1124,1124,1124,1124,1124,1124,1124,1124,1124,1124,1124,1124,1124,1124,1124,1124,1124,1124,1124,1124,1124,1124,1124,1124,1124,1124,1124,1124,1124,1124,1124,1124,1124,1124,1124,1124,1124,1124,1124,1124,1124,1124,1124,1124,1124,1124,1124,1124,1124,1124,1124,1124,1124,1124,1124,1124,1124,1124,1124,1124,1124,1124,1124,1124,1124,1124,1124,1124,1124,1124,1124,1124,1124,1124,1124,1124,1124,1124,1124,1124,1124,1124,1124,1124,1124,1124,1124,1124,1124,1124,1124,1124,1124,1124,1124,1124,1124,1124,1124,1124,1124,1124,1124,1124,1124,1124,1124,1124,1124,1124,1124,1124,1124,1124,1124,1124,1124,1124,1124,1124,1124,1124,1124,1124,1124,1124,1124,1124,1124,1124,1124,1124,1124,1124,1124,1124,1124,1124,1124,1124,1124,1124,1124,1124,1124,1124,1124,1124,1124,1124,1124,1124,1124,1124,1124,1124,1124,1124,1124,1124,1124,1124,1124,1124,1124,1124,1124,1124,1124,1124,1124,1124,1124,1124,1124,1124,1124,1124,1124,1124,1124,1124,1124,1124,1124,1124,1124,1124,1124,1124,1124,1124,1124,1124,1124,1124,1124,1124,1124,1124,1124,1124,1124,1124,1124,1124,1124,1124,1124,1124,1124,1124,1124,1124,1124,1124,1124,1124,1124,1124,1124,1124,1124,1124,1124,1124,1124,1124,1124,1124,1124,1124,1124,1124,1124,1124,1124,1124,1124,1124,1124,1124,1124,1124,1124,1124,1124,1124,1124,1124,1124,1124,1124,1124,1124,1124,1124,1124,1124,1124,1124,1124,1124,1124,1124,1124,1124,1124,1124,1124,1124,1124,1124,1124,1124,1124,1124,1124,1124,1124,1124,1124,1124,1124,1124,1124,1124,1124,1124,1124,1124,1124,1124,1124,1124,1124,1124,1124,1124,1124,1124,1124,1124,1124,1124,1124,1124,1124,1124,1124,1124,1124,1124,1124,1124,1124,1124,1124,1124,1124,1124,1124,1124,1124,1124,1124,1124,1124,1124,1124,1124,1124,1124,1124,1124,1124,1124,1124,1124,1124,1124,1124,1124,1124,1124,1124,1124,1124,1124,1124,1124,1124,1124,1124,1124,1124,1124,1124,1124,1124,1124,1124,1124,1124,1124,1124,1124,1124,1124,1124,1124,1124,1124,1124,1124,1124,1124,1124,1124,1124,1124,1124,1124,1124,1124,1124,1124,1124,1124,1124,1124,1124,1124,1124,1124,1124,1124,1124,1124,1124,1124,1124,1124,1124,1124,1124,1124,1124,1124,1124,1124,1124,1124,1124,1124,1124,1124,1124,1124,1124,1124,1124,1124,1124,1124,1124,1124,1124,1124,1124,1124,1124,1124,1124,1124,1124,1124,1124,1124,1124,1124,1124,1124,1124,1124,1124,1124,1124,1124,1124,1124,1124,1124,1124,1124,1124,1124,1124,1124,1124,1124,1124,1124,1124,1124,1124,1124,1124,1124,1124,1124,1124,1124,1124,1124,1124,1124,1124,1124,1124,1124,1124,1124,1124,1124,1124,1124,1124,1124,1124,1124,1124,1124,1124,1124,1124,1124,1124,1124,1124,1124,1124,1124,1124,1124,1124,1124,1124,1124,1124,1124,1124,1124,1124,1124,1124,1124,1124,1124,1124,1124,1124,1124,1124,1124,1124,1124,1124,1124,1124,1124,1124,1124,1124,1124,1124,1124,1124,1124,1124,1124,1124,1124,1124,1124,1124,1124,1124,1124,1124,1124,1124,1124,1124,1124,1124,1124,1124,1124,1124,1124,1124,1124,1124,1124,1124,1124,1124,1124,1124,1124,1124,1124,1124,1124,1124,1124,1124,1124,1124,1124,1124,1124,1124,1124,1124,1124,1124,1124,1124,1124,1124,1124,1124,1124,1124,1124,1124,1124,1124,1124,1124,1124,1124,1124,1124,1124,1124,1124,1124,1124,1124,1124,1124,1124,1124,1124,1124,1124,1124,1124,1124,1124,1124,1124,1124,1124,1124,1124,1124,1124,1124,1124,1124,1124,1124,1124,1124,1124,1124,1124,1124,1124,1124,1124,1124,1124,1124,1124,1124,1124,1124,1124,1124,1124,1124,1124,1124,1124,1124,1124,1124,1124,1124,1124,1124,1124,1124,1124,1124,1124,1124,1124,1124,1124,1124,1124,1124,1124,1124,1124,1124,1124,1124,1124,1124,1124,1124,1124,1124,1124,1124,1124,1124,1124,1124,1124,1124,1124,1124,1124,1124,1124,1124,1124,1124,1124,1124,1124,1124,1124,1124,1124,1124,1124,1124,1124,1124,1124,1124,1124,1124,1124,1124,1124,1124,1124,1124,1124,1124,1124,1124,1124,1124,1124,1124,1124,1124,1124,1124,1124,1124,1124,1124,1124,1124,1124,1124,1124,1124,1124,1124,1124,1124,1124,1124,1124,1124,1124,1124,1124,1124,1124,1124,1124,1124,1124,1124,1124,1124,1124,1124,1124,1124,1124,1124,1124,1124,1124,1124,1124,1124,1124,1124,1124,1124,1124,1124,1124,1124,1124,1124,1124,1124,1124,1124,1124,1124,1124,1124,1124,1124,1124,1124,1124,1124,1124,1124,1124,1124,1124,1124,1124,1124,1124,1124,1124,1124,1124,1124,1124,1124,1124,1124,1124,1124,1124,1124,1124,1124,1124,1124,1124,1124,1124,1124,1124,1124,1124,1124,1124,1124,1124,1124,1124,1124,1124,1124,1124,1124,1124,1124,1124,1124,1124,1124,1124,1124,1124,1124,1124,1124,1124,1124,1124,1124,1124,1124,1124,1124,1124,1124,1124,1124,1124,1124,1124,1124,1124,1124,1124,1124,1124,1124,1124,1124,1124,1124,1124,1124,1124,1124,1124,1124,1124,1124,1124,1124,1124,1124,1124,1124,1124,1124,1124,1124,1124,1124,1124,1124,1124,1124,1124,1124,
394:818,818,18,818,818,18,818,818,818,818,818,818,818,818,818,818,818,
401:198,818,824,818,818,9,32,45,0,818,818,818,818,818,818,818,818,818,818,0,
413:116,169,824,169,168,170,168,169,117,119,117,120,184,197,196,191,
414:473,473,690,473,690,473,690,473,
423:554,555,555,554,630,626,635,637,639,628,641,643,624,649,
432:327,426,593,726,191,797,556,
433:694,693,630,626,635,637,
434:628,641,643,624,649,650,653,620,622,655,645,647,708,818,818,
441:1110,1110,1110,1110,1110,1110,1110,1110,1110,1110,1111,1111,1111,1111,1111,1111,1111,1111,1111,1111,1111,1111,1111,1111,1111,1111,1111,1111,1111,1111,1111,1111,1111,1111,1110,1110,1110,1110,1110,1110,1110,1110,1110,1110,1111,1111,1111,1111,1111,1111,1111,1111,1111,1111,1111,1111,1111,1111,1111,1111,1111,1111,1111,1111,1111,1111,1111,1111,
452:686,505,534,532,586,1071,
454:1092,145,664,683,0,191,
458:198,116,167,116,198,116,117,117,116,167,170,
481:1123,708,0,240,237,282,198,
483:157,204,127,117,117,119,184,241,128,184,
504:818,36,76,42,3,3,818,
548:470,471,471,470,630,626,635,637,639,628,641,643,624,
549:768,769,769,768,624,649,650,
551:546,547,547,546,630,626,635,637,639,628,641,643,624,649,650,
553:114,708,0,0,0,0,
554:226,818,226,226,222,226,
555:286,290,222,671,230,120,286,199,238,230,120,286,290,237,240,1114,1114,824,222,671,818,818,818,818,1115,1115,
567:0,0,122,199,198,0,
577:818,939,939,939,818,818,818,818,818,818,818,818,
578:0,818,844,844,818,824,818,1010,
590:116,818,826,826,826,826,826,826,826,826,198,116,818,818,818,818,818,0,818,818,818,818,818,818,818,0,818,818,818,818,826,826,826,826,826,826,826,826,826,826,826,826,826,826,826,826,826,826,826,826,826,826,826,826,826,826,826,826,826,826,826,826,826,826,826,818,818,991,818,818,818,818,943,818,943,818,818,679,818,198,281,0,818,818,818,818,818,818,818,818,818,818,818,818,818,818,818,818,818,818,818,0,0,818,818,818,818,818,818,818,818,818,818,
591:198,230,286,290,818,960,818,1050,1050,1050,788,794,790,222,
593:198,285,230,1079,1098,1101,116,403,
599:740,742,740,699,703,699,
602:327,797,726,191,574,610,539,
608:818,820,821,682,679,682,679,682,680,
609:116,117,709,1079,1103,1103,
621:237,1115,1114,1115,1114,237,237,237,
625:797,799,198,807,173,1104,191,1079,
635:798,795,808,192,184,709,664,
644:198,237,240,237,285,285,
649:818,818,1036,818,818,818,962,818,818,818,818,818,
655:679,799,1079,710,222,671,824,
667:798,795,808,184,192,114,788,710,683,679,
676:1123,708,724,502,745,446,0,
678:184,798,808,795,664,192,709,
681:664,664,198,198,198,824,818,826,826,826,826,826,826,855,855,827,826,826,818,826,826,826,826,826,827,827,818,818,818,818,818,818,818,818,833,827,
684:485,632,1061,1061,1061,1061,1061,1061,1065,1065,1065,
698:0,708,1079,710,1098,1101,1102,125,1101,1101,1099,1099,280,1103,150,1080,1081,
711:173,157,174,165,173,157,
723:1009,1009,1009,1009,1009,1009,877,877,877,877,0,191,818,
734:818,915,915,915,818,818,
735:818,818,846,846,846,846,846,818,818,818,818,818,
761:788,665,222,671,818,818,818,
764:0,818,880,1013,873,1047,873,1047,
769:275,679,682,210,682,683,818,818,818,818,679,1077,818,818,818,818,818,818,818,818,818,818,978,978,827,827,827,827,827,0,824,1011,818,818,896,827,818,
784:0,0,818,864,864,818,864,818,0,0,818,818,
798:237,240,1114,1114,237,240,
805:485,632,1064,1064,1064,1063,1063,1063,1067,1066,1061,1065,1065,1065,1065,1065,1065,1065,1065,1065,1065,1065,1065,1065,1065,1065,485,
807:293,819,819,819,293,819,819,819,293,
814:234,232,234,282,234,234,
816:237,232,234,240,825,240,285,
819:234,232,232,199,238,219,232,199,
831:818,884,884,884,827,884,884,884,818,
838:818,818,664,665,664,818,
839:706,1056,679,799,818,818,818,818,818,1033,818,818,818,818,818,818,818,818,818,818,818,818,818,818,818,818,818,818,818,818,818,818,818,871,827,820,821,818,818,
844:0,818,929,929,929,929,929,929,
845:459,686,699,740,742,340,699,703,699,
846:198,818,973,973,827,973,
849:449,354,205,129,449,354,205,129,
851:495,495,496,496,496,496,728,408,
856:818,818,1034,818,935,818,1034,1034,818,1034,1034,827,222,818,1034,1034,818,818,825,
857:234,208,232,208,238,208,234,
859:452,453,452,453,459,459,460,
865:116,788,403,486,403,486,115,403,486,
882:173,1123,175,157,173,128,0,812,157,
912:234,234,275,213,208,213,275,234,
919:818,930,930,930,222,930,818,
927:0,818,722,722,818,863,863,25,824,
952:198,818,950,950,950,116,679,
955:173,819,819,819,173,819,819,819,173,
956:660,198,208,277,208,198,
959:718,399,465,296,526,536,549,
962:116,184,122,117,122,117,222,286,222,223,224,
969:679,799,680,812,679,799,
972:1075,679,222,679,683,683,679,1075,
978:198,818,967,967,967,818,818,818,818,818,818,818,818,818,818,818,198,
983:237,1116,1115,211,237,216,237,
990:818,38,14,193,191,193,191,192,
1011:116,788,0,191,222,671,
1022:234,232,281,232,234,232,234,
1028:286,290,818,1002,1002,222,671,
1040:0,191,1079,710,1098,1101,1101,1099,1098,1101,1100,673,0,191,1079,710,1098,1101,1079,710,0,191,
1043:237,1116,1114,240,237,238,230,219,230,238,237,116,127,117,119,117,127,173,173,198,219,216,679,
1044:679,799,682,714,680,812,
1052:234,237,240,818,818,996,996,996,818,818,824,1011,818,818,818,818,818,818,818,818,818,
1057:441,441,441,444,441,444,441,444,441,441,444,441,
1064:240,208,365,391,240,208,365,391,
1080:710,713,0,191,1079,710,1103,150,818,818,818,
1081:198,1079,1104,1083,1093,1096,1094,1097,1097,1095,
