Group 0 size 103
0
29
82
92
185
268
285
408
420
422
442
495
581
606
663
787
833
858
866
906
1069
1138
1170
1223
1245
1381
1418
1424
1470
1501
1700
1851
1853
1884
2162
2208
2309
2415
2471
2514
2532
2551
2773
2774
2794
2848
2862
2897
2902
3093
3249
3477
3540
3556
3660
3717
3873
3876
3901
3918
3968
4001
4009
4026
4169
4193
4214
4242
4302
4308
4445
4696
4830
4860
4911
4996
5053
5115
5154
5229
5272
5280
5408
5448
5500
5528
5545
5599
5759
5822
5855
5894
5901
6017
6033
6037
6144
6207
6315
6370
6398
6483
6506
Group 1 size 91
1
27
70
96
165
171
225
226
232
240
247
251
252
272
311
323
335
367
404
413
439
464
473
479
505
542
572
615
647
682
729
752
753
824
854
955
983
1098
1122
1124
1135
1192
1227
1250
1262
1276
1311
1326
1370
1431
1496
1538
1615
2048
2065
2080
2123
2147
2148
2242
2337
2404
2462
2930
3006
3357
3574
3626
3855
3910
3967
4019
4037
4091
4452
4826
4836
4847
5019
5065
5301
5387
5475
5588
5630
5709
5776
5927
5950
6127
6132
Group 2 size 155
8
31
56
58
59
160
200
216
239
250
406
435
436
448
469
494
571
579
587
596
626
731
789
802
835
924
988
1001
1113
1136
1157
1158
1169
1195
1221
1243
1387
1475
1543
1599
1623
1633
1649
1671
1676
1766
1771
1785
1793
1823
1997
2092
2303
2315
2342
2457
2470
2476
2515
2543
2564
2565
2568
2580
2718
2729
2734
2769
2793
2844
2986
2988
3003
3019
3034
3040
3062
3071
3127
3146
3173
3193
3242
3245
3287
3360
3375
3376
3436
3437
3446
3581
3600
3662
3690
3716
3740
3741
3742
3881
3889
3895
3936
4029
4058
4126
4166
4171
4184
4185
4223
4311
4422
4482
4522
4530
4634
4637
4744
4777
4797
4828
4864
4903
4966
4975
4995
5170
5244
5286
5317
5424
5517
5560
5573
5642
5664
5762
5771
5912
5926
6010
6073
6084
6085
6113
6117
6172
6249
6250
6283
6284
6345
6353
6366
Group 3 size 48
9
25
112
118
141
259
358
397
414
565
589
756
992
1042
1080
1116
1288
1303
1372
1705
2045
3117
3272
3481
3483
3659
3812
3874
3925
3933
4080
4105
4113
4116
4117
4151
4274
4479
4939
4943
5022
5034
5122
5335
5713
5719
5773
6058
Group 4 size 5
10
2266
2466
4788
5879
Group 5 size 6
13
198
431
2688
4130
4157
Group 6 size 12
14
1875
2137
2958
2996
3258
3905
4477
5124
5440
5477
5478
Group 7 size 84
15
16
147
222
371
418
492
500
670
796
808
942
943
1008
1033
1049
1057
1177
1181
1356
1481
1531
1647
1716
1786
1807
2149
2220
2248
2349
2372
2394
2443
2488
2517
2633
2684
2772
2823
2955
3158
3206
3225
3230
3270
3286
3379
3398
3515
3793
3799
3877
3973
4010
4232
4306
4322
4358
4429
4519
4612
4644
4649
4680
4842
4844
4984
5003
5134
5223
5258
5337
5375
5466
5796
5892
5933
6121
6154
6341
6418
6487
6511
6526
Group 8 size 15
19
1235
1556
1819
2281
2569
3203
3610
3864
3892
4278
4723
4900
5011
5849
Group 9 size 40
21
704
1027
1062
1648
1732
1824
1828
1859
1862
1886
1889
1903
1905
1914
1917
1940
1971
2039
2052
2093
2402
2406
2423
2439
2467
2479
2530
2641
2706
2716
2742
2891
2894
2908
2909
2927
2939
3297
4361
Group 10 size 111
33
71
98
138
392
513
524
556
683
699
765
777
876
911
951
953
958
1010
1063
1118
1119
1139
1164
1167
1198
1200
1213
1391
1449
1459
1473
1485
1560
1804
1960
2009
2127
2226
2366
2405
2519
2593
2599
2748
2790
2836
2870
2926
2957
2978
3105
3116
3148
3150
3171
3218
3347
3354
3389
3419
3495
3561
3588
3683
3763
3789
3792
3824
3894
3937
3953
4040
4208
4248
4312
4321
4364
4436
4467
4603
4668
4799
4827
4841
5038
5050
5096
5157
5159
5182
5185
5207
5213
5230
5234
5284
5328
5358
5402
5412
5507
5539
5580
6089
6212
6299
6332
6456
6496
6501
6509
Group 11 size 168
34
72
175
362
366
434
468
477
502
577
639
660
709
764
772
840
843
859
868
887
889
918
1014
1015
1031
1045
1047
1160
1196
1260
1275
1292
1297
1300
1324
1350
1360
1444
1479
1521
1579
1594
1605
1663
1675
1690
1694
1715
1733
1737
1749
1753
1826
1936
1955
2192
2261
2273
2285
2312
2313
2336
2361
2375
2390
2392
2492
2505
2560
2584
2590
2602
2608
2639
2648
2686
2737
2747
2783
2829
2864
2990
3021
3024
3026
3028
3036
3052
3077
3181
3246
3269
3280
3292
3295
3299
3309
3314
3317
3320
3329
3351
3386
3394
3395
3402
3527
3583
3594
3606
3632
3695
3700
3772
3861
3899
3938
3979
4005
4111
4237
4286
4292
4297
4396
4416
4481
4492
4509
4578
4597
4670
4721
4782
4802
4812
4848
4873
4925
4936
4987
4994
5020
5059
5060
5101
5209
5329
5360
5386
5422
5638
5677
5702
5789
5836
5859
5978
6067
6106
6141
6170
6175
6203
6337
6378
6468
6494
Group 12 size 10
35
79
1082
1346
1422
2541
3538
4769
4867
6477
Group 13 size 101
37
78
81
93
100
102
292
297
389
443
586
597
627
659
687
700
751
819
861
912
923
948
963
970
1006
1088
1143
1189
1197
1222
1230
1298
1318
1362
1379
1428
1713
1800
1970
1973
2008
2083
2128
2141
2146
2191
2376
2385
2525
2553
2698
2704
2765
2840
2913
2916
2936
2995
3007
3029
3095
3106
3132
3257
3279
3371
3440
3451
3504
3539
3591
3830
3863
3911
3923
4031
4049
4249
4414
4425
4472
4539
4549
4550
4953
5043
5051
5104
5160
5205
5224
5225
5340
5406
5618
5675
5692
5788
5816
6318
6360
Group 14 size 26
38
146
555
730
901
1089
1109
1328
1448
1451
1511
1608
1782
2496
2775
3002
3344
3356
3391
3408
3706
4101
4175
4484
4732
6007
Group 15 size 63
43
142
144
269
383
539
631
781
968
975
1038
1140
1156
1332
1385
1450
1545
1610
1688
1709
1741
1759
2125
2577
2578
2587
2694
2709
2944
3078
3120
3134
3188
3289
3355
3364
3478
3803
3810
3922
4150
4250
4408
4623
4765
4890
4909
5030
5052
5082
5086
5168
5365
5877
6155
6173
6374
6386
6387
6392
6413
6461
6474
Group 16 size 1
46
Group 17 size 20
52
490
964
1335
1871
2054
2227
2849
3983
4051
4506
4727
5346
5456
5833
5876
6016
6028
6140
6373
Group 18 size 18
57
432
491
821
846
1654
2105
2452
3012
4410
4432
4974
5311
5381
5426
5465
5716
5856
Group 19 size 1
61
Group 20 size 258
64
163
177
203
318
329
336
369
388
393
497
559
570
602
625
633
649
669
707
713
715
736
823
826
869
879
902
903
994
1004
1011
1019
1077
1104
1107
1120
1146
1168
1184
1228
1252
1253
1272
1274
1312
1327
1331
1334
1420
1430
1463
1474
1487
1489
1509
1528
1542
1554
1575
1580
1587
1624
1641
1665
1678
1687
1727
1738
1765
1768
1797
1831
1832
1840
1843
1858
1867
1919
1937
1938
1952
2044
2086
2087
2088
2089
2090
2091
2097
2156
2189
2210
2238
2269
2271
2274
2286
2296
2302
2341
2369
2387
2397
2401
2428
2430
2433
2529
2621
2628
2631
2670
2673
2713
2815
2816
2834
2835
2872
2884
2914
2917
2920
2934
2956
3010
3015
3030
3037
3038
3046
3056
3057
3064
3066
3075
3143
3144
3152
3235
3247
3324
3352
3426
3434
3439
3459
3461
3530
3534
3564
3586
3605
3607
3608
3624
3628
3646
3666
3709
3726
3731
3806
3808
3817
3836
3839
3853
3898
3903
3921
3932
3945
3950
3976
4096
4115
4120
4174
4198
4199
4200
4243
4313
4326
4431
4462
4494
4510
4580
4587
4619
4641
4685
4698
4766
4772
4796
4798
4835
4845
4854
4881
4949
4980
5028
5048
5068
5069
5091
5132
5155
5208
5212
5255
5256
5264
5267
5304
5331
5357
5359
5373
5378
5397
5404
5415
5430
5486
5513
5559
5561
5571
5671
5683
5696
5770
5799
5825
5898
5939
5997
6014
6044
6118
6160
6257
6274
6280
6309
6330
6400
6423
6465
6469
6482
6514
6519
Group 21 size 8
65
719
1306
3306
3369
5242
5625
6377
Group 22 size 36
66
308
798
1117
1161
1208
1344
1549
1695
1798
2370
2371
2469
2524
2533
2762
2791
2820
2975
3210
3215
3342
3532
3589
3721
4399
4420
4736
4850
4863
5067
5109
5398
5787
6179
6375
Group 23 size 131
67
153
191
237
301
478
561
566
592
638
676
696
726
743
763
841
864
874
894
947
979
993
1020
1022
1054
1110
1219
1237
1407
1429
1455
1457
1464
1493
1583
1586
1598
1672
1799
1839
1939
2119
2143
2239
2335
2360
2365
2444
2482
2511
2576
2589
2700
2724
2798
2826
2828
2831
2925
2999
3048
3067
3101
3166
3178
3275
3323
3422
3462
3469
3505
3506
3517
3524
3562
3663
3712
3749
3897
3907
3957
3966
3980
3995
4039
4204
4257
4258
4335
4347
4390
4547
4575
4613
4622
4688
4875
4923
5024
5088
5219
5233
5235
5238
5240
5315
5453
5457
5508
5585
5647
5700
5744
5749
5761
5766
5774
6068
6149
6188
6202
6251
6260
6298
6306
6339
6407
6410
6434
6439
6445
Group 24 size 10
68
207
534
1144
1714
1805
2393
2574
2830
6086
Group 25 size 16
74
77
157
180
235
339
510
665
2224
2245
2254
2809
3274
3832
5032
5510
Group 26 size 23
94
103
447
546
1032
1264
2308
2573
2807
2876
2890
3316
3582
3902
4092
5016
5193
5198
5681
5804
5873
6215
6376
Group 27 size 14
104
229
1064
2163
2395
2531
3082
3535
5007
5427
5748
6184
6340
6367
Group 28 size 2
110
4082
Group 29 size 3
111
4905
6197
Group 30 size 10
117
1609
2280
2756
4148
4363
4838
6094
6239
6288
Group 31 size 13
120
426
1065
2126
2355
2459
2650
3136
3447
3648
6182
6362
6527
Group 32 size 13
80
121
1882
2719
2972
3039
4235
4329
4440
4451
4493
5400
5452
Group 33 size 193
105
125
182
196
338
345
387
427
452
493
506
509
521
529
547
557
582
604
617
630
653
661
689
690
710
740
776
795
883
922
978
1046
1076
1174
1267
1319
1330
1342
1355
1357
1383
1384
1401
1403
1443
1453
1461
1506
1530
1568
1627
1635
1651
1664
1674
1679
1697
1730
1756
1779
1806
1876
1883
1942
1964
1995
2061
2063
2118
2175
2228
2235
2268
2276
2368
2431
2442
2454
2455
2473
2475
2555
2588
2604
2607
2625
2645
2726
2741
2750
2797
2859
2887
2928
2948
2987
3008
3060
3085
3088
3099
3126
3147
3248
3256
3276
3328
3332
3414
3417
3457
3563
3573
3585
3603
3622
3639
3667
3739
3773
3813
3825
3850
3860
3900
3924
3934
3998
4002
4003
4014
4015
4033
4143
4246
4260
4268
4309
4324
4379
4439
4446
4459
4515
4551
4728
4768
4878
4899
4901
5102
5220
5228
5259
5269
5279
5303
5368
5380
5385
5417
5423
5499
5543
5629
5668
5840
5921
5932
5964
5981
5992
6054
6059
6087
6092
6120
6123
6169
6227
6261
6275
6302
6308
6317
6346
6352
6393
6425
6473
6478
6492
6521
Group 34 size 3
126
1039
4044
Group 35 size 1
128
Group 36 size 10
131
192
489
1646
2536
3529
3679
4946
5015
5707
Group 37 size 1
136
Group 38 size 64
2
164
353
760
779
794
1025
2277
3501
3774
3775
3827
3992
4056
4147
4282
4285
4294
4332
4572
4651
4660
4693
4697
4742
4773
4887
4955
5063
5352
5441
5503
5572
5576
5611
5641
5650
5705
5735
5813
5823
5824
5838
5872
5884
5889
5922
5937
5941
5957
5995
6006
6020
6023
6039
6050
6057
6076
6096
6244
6247
6394
6491
6529
Group 39 size 6
166
698
1314
2437
2967
5518
Group 40 size 6
99
188
805
1310
2380
3399
Group 41 size 18
193
616
1661
1910
2096
2627
2636
2656
3197
3549
3994
4095
4153
5253
5293
5818
5874
6292
Group 42 size 1
205
Group 43 size 7
230
238
282
409
446
1073
3217
Group 44 size 3
241
2690
4139
Group 45 size 4
249
1536
6385
6389
Group 46 size 1
273
Group 47 size 2
290
2389
Group 48 size 25
208
293
518
1095
1214
1339
1345
1477
1812
2051
2100
2249
2508
2649
3493
3546
3779
3929
4083
4197
4534
4674
4733
4760
5842
Group 49 size 2
299
2655
Group 50 size 1
304
Group 51 size 1
314
Group 52 size 7
328
727
916
4195
5058
5670
5844
Group 53 size 2
370
1570
Group 54 size 26
401
429
449
643
654
804
810
831
853
1074
1155
1427
2049
2292
2821
2822
3009
3341
3409
3707
3884
5215
5435
5987
6323
6397
Group 55 size 4
412
5211
5241
5396
Group 56 size 2
437
4678
Group 57 size 3
440
4533
6181
Group 58 size 1
461
Group 59 size 1
483
Group 60 size 24
485
507
519
836
1108
1145
1546
1791
1999
2024
2495
2535
2853
2886
3809
3926
4086
4373
4391
5075
5097
5376
5544
5846
Group 61 size 1
496
Group 62 size 28
482
501
613
621
636
664
807
872
1058
1205
1210
1295
1299
1792
2354
2367
2637
2787
3349
3465
3580
3692
4959
5231
5292
5538
6031
6314
Group 63 size 1
503
Group 64 size 1
548
Group 65 size 1
549
Group 66 size 1
551
Group 67 size 1
564
Group 68 size 1
574
Group 69 size 1
575
Group 70 size 1
607
Group 71 size 4
612
2330
2703
3620
Group 72 size 3
614
1593
2272
Group 73 size 2
618
998
Group 74 size 1
667
Group 75 size 1
679
Group 76 size 1
703
Group 77 size 66
162
236
359
458
525
728
785
1176
1186
1238
1261
1378
1460
1515
1612
1639
1855
2006
2170
2215
2287
2350
2378
2382
2506
2561
2567
2622
2707
2743
2752
2766
2819
2873
3014
3081
3109
3198
3359
3367
3374
4188
4213
4357
4404
4489
4717
4915
4958
4982
5031
5169
5498
5549
5594
5610
5622
5738
6040
6148
6297
6338
6435
6444
6446
6486
Group 78 size 6
739
837
1338
3636
4792
5747
Group 79 size 1
742
Group 80 size 1
754
Group 81 size 961
12
18
53
55
75
84
123
137
139
143
152
161
167
190
194
195
199
211
213
217
218
228
233
243
245
254
288
312
324
326
333
344
348
352
354
360
363
364
365
380
382
384
394
399
410
411
421
424
433
444
445
454
455
456
459
466
470
481
486
488
520
522
526
530
533
536
538
541
543
554
562
576
578
584
585
595
603
608
622
624
634
637
645
658
668
674
678
688
692
702
706
712
714
716
724
725
733
734
737
748
749
750
759
766
767
773
793
801
803
815
817
825
827
829
830
845
850
852
856
867
871
873
875
885
888
893
895
897
932
934
937
944
945
949
954
959
973
1026
1028
1034
1043
1052
1061
1068
1102
1103
1105
1121
1128
1133
1142
1147
1149
1163
1166
1173
1175
1218
1225
1233
1241
1256
1257
1266
1271
1289
1301
1302
1313
1317
1320
1322
1325
1349
1371
1393
1394
1400
1402
1404
1406
1409
1412
1417
1421
1435
1436
1438
1439
1452
1454
1472
1476
1488
1497
1498
1503
1507
1510
1518
1523
1526
1529
1551
1552
1565
1567
1590
1602
1613
1622
1632
1634
1650
1668
1669
1682
1684
1686
1693
1707
1734
1736
1740
1746
1747
1750
1774
1781
1784
1787
1795
1801
1808
1809
1810
1818
1821
1825
1830
1834
1837
1841
1844
1845
1850
1857
1866
1878
1879
1881
1885
1893
1898
1921
2011
2013
2015
2038
2041
2042
2060
2068
2073
2098
2101
2120
2122
2133
2136
2139
2140
2142
2154
2167
2169
2173
2174
2183
2194
2211
2212
2214
2232
2240
2252
2262
2278
2282
2294
2299
2301
2307
2319
2326
2334
2343
2348
2356
2363
2384
2409
2411
2422
2429
2435
2436
2446
2451
2456
2465
2477
2478
2481
2493
2498
2500
2502
2507
2509
2510
2513
2518
2521
2540
2542
2550
2557
2559
2562
2575
2579
2581
2585
2586
2592
2595
2600
2635
2640
2644
2646
2652
2658
2663
2669
2677
2678
2683
2689
2693
2695
2702
2723
2731
2732
2746
2749
2753
2759
2763
2764
2770
2779
2780
2781
2784
2795
2808
2812
2817
2827
2832
2838
2846
2850
2854
2856
2858
2868
2869
2871
2877
2879
2882
2888
2900
2912
2929
2951
2981
2983
3018
3047
3058
3059
3079
3083
3086
3087
3089
3090
3091
3097
3100
3102
3104
3114
3124
3131
3133
3159
3160
3161
3172
3174
3177
3182
3186
3189
3192
3205
3212
3219
3220
3240
3244
3250
3252
3254
3259
3271
3278
3294
3301
3303
3308
3319
3338
3346
3353
3358
3363
3365
3370
3373
3382
3384
3403
3415
3423
3444
3458
3470
3484
3489
3494
3499
3514
3520
3526
3531
3537
3541
3543
3547
3554
3559
3565
3567
3568
3587
3597
3598
3601
3602
3621
3633
3641
3643
3649
3651
3656
3668
3671
3673
3677
3680
3681
3682
3687
3688
3693
3694
3702
3704
3708
3720
3723
3725
3728
3729
3738
3748
3750
3761
3767
3768
3778
3783
3788
3823
3826
3854
3872
3880
3888
3904
3908
3912
3914
3915
3928
3948
3955
3958
3984
3986
3989
3996
3997
4000
4011
4016
4036
4046
4047
4053
4054
4059
4063
4067
4070
4078
4084
4100
4110
4112
4127
4129
4144
4145
4154
4165
4172
4173
4182
4183
4201
4218
4226
4228
4230
4236
4244
4256
4266
4267
4287
4295
4298
4300
4307
4319
4320
4334
4340
4341
4344
4359
4362
4365
4366
4367
4369
4370
4372
4374
4375
4378
4380
4388
4398
4413
4415
4419
4421
4430
4438
4441
4443
4447
4448
4453
4457
4473
4476
4483
4485
4487
4503
4511
4512
4514
4523
4542
4543
4560
4565
4579
4583
4642
4658
4663
4676
4687
4694
4695
4704
4706
4711
4714
4716
4719
4725
4729
4730
4731
4734
4735
4739
4743
4746
4747
4750
4762
4774
4779
4783
4805
4807
4808
4809
4816
4820
4849
4851
4858
4862
4866
4872
4885
4908
4910
4917
4924
4928
4929
4937
4942
4944
4950
4954
4960
4962
4965
4967
4968
4969
4973
4981
4985
4997
4998
5010
5017
5027
5033
5039
5041
5046
5057
5071
5073
5074
5076
5080
5081
5093
5099
5105
5106
5110
5118
5125
5126
5135
5137
5139
5141
5142
5146
5152
5161
5167
5177
5183
5184
5192
5196
5197
5217
5243
5246
5248
5254
5260
5261
5275
5277
5287
5288
5295
5298
5300
5308
5325
5330
5333
5334
5341
5351
5354
5355
5379
5390
5392
5405
5410
5411
5419
5428
5434
5438
5455
5459
5460
5462
5463
5464
5473
5495
5509
5512
5520
5526
5530
5532
5568
5581
5582
5583
5597
5598
5601
5605
5617
5632
5633
5649
5652
5663
5666
5686
5693
5697
5706
5717
5720
5723
5724
5726
5727
5731
5736
5737
5741
5743
5745
5757
5758
5764
5768
5775
5777
5785
5790
5791
5792
5806
5808
5809
5812
5819
5820
5827
5828
5829
5830
5831
5832
5834
5837
5848
5853
5857
5863
5882
5887
5888
5897
5899
5915
5931
5947
5949
5955
5965
5980
5984
5986
5993
5999
6000
6001
6005
6008
6013
6018
6025
6046
6051
6053
6060
6062
6064
6072
6081
6097
6101
6104
6111
6112
6119
6124
6135
6136
6137
6145
6146
6151
6152
6153
6163
6165
6178
6186
6195
6198
6201
6206
6208
6210
6211
6220
6225
6233
6236
6238
6241
6242
6246
6254
6264
6265
6273
6276
6278
6279
6282
6285
6286
6287
6291
6293
6294
6295
6300
6301
6303
6304
6313
6316
6319
6320
6327
6328
6335
6342
6347
6348
6351
6355
6357
6359
6363
6364
6369
6380
6383
6384
6390
6391
6399
6401
6402
6406
6411
6414
6420
6426
6427
6430
6437
6443
6448
6451
6452
6453
6459
6460
6462
6466
6475
6481
6485
6488
6493
6495
6502
6505
Group 82 size 6
769
1366
2522
4052
4339
5281
Group 83 size 1
778
Group 84 size 5
790
4068
4794
4861
6336
Group 85 size 18
330
705
809
811
886
1367
1696
1722
1869
1870
2059
2305
2453
2544
2623
3055
5321
5905
Group 86 size 1
848
Group 87 size 6
255
849
3887
5108
5821
5976
Group 88 size 1
851
Group 89 size 1
870
Group 90 size 1
890
Group 91 size 1
892
Group 92 size 1
905
Group 93 size 1
926
Group 94 size 1
929
Group 95 size 1
957
Group 96 size 1
987
Group 97 size 1
1012
Group 98 size 2
1072
4360
Group 99 size 2
1079
1382
Group 100 size 2
1093
4889
Group 101 size 1
1099
Group 102 size 1
1137
Group 103 size 1
1159
Group 104 size 4
1187
1508
5556
6431
Group 105 size 3
1191
1547
2711
Group 106 size 1
1232
Group 107 size 2
1234
4004
Group 108 size 1
1258
Group 109 size 2
1277
3886
Group 110 size 2
1294
6372
Group 111 size 20
283
594
620
735
1305
1466
1666
1925
2129
2176
2851
2885
2954
2960
3098
3339
3865
5444
5624
5781
Group 112 size 1
1343
Group 113 size 2
1353
1446
Group 114 size 9
256
1265
1369
1539
1751
5166
5800
6305
6530
Group 115 size 24
395
1373
1524
2094
2396
2714
2813
3001
3080
3471
3497
3710
3730
3764
3956
3960
4381
4563
5025
5362
5391
5621
6209
6235
Group 116 size 1
1396
Group 117 size 1
1456
Group 118 size 3
1484
4540
4780
Group 119 size 7
1516
2426
2842
2976
3964
4424
6027
Group 120 size 1
1548
Group 121 size 1
1559
Group 122 size 1
1563
Group 123 size 10
635
1231
1574
1899
2202
3068
4345
4354
5072
5420
Group 124 size 1
1576
Group 125 size 14
101
386
913
1578
1941
2388
2755
2889
2980
2994
4880
5250
6365
6467
Group 126 size 7
914
1596
2200
2236
2494
3575
4568
Group 127 size 1
1606
Group 128 size 2
1607
5883
Group 129 size 1
1614
Group 130 size 2
1620
4749
Group 131 size 1
1629
Group 132 size 1
1630
Group 133 size 15
5
770
1067
1640
1887
2447
2860
3200
3209
3435
3599
4021
4283
4491
5393
Group 134 size 4
1112
1645
2818
6199
Group 135 size 2
1719
5029
Group 136 size 1
1726
Group 137 size 1
1763
Group 138 size 1
1777
Group 139 size 10
775
899
1780
1975
2421
3472
5521
5684
6344
6522
Group 140 size 1
1814
Group 141 size 1
1820
Group 142 size 1
1877
Group 143 size 1
1916
Group 144 size 1
1968
Group 145 size 1
1969
Group 146 size 1
1972
Group 147 size 1
2010
Group 148 size 1
2159
Group 149 size 1
2180
Group 150 size 1
2204
Group 151 size 7
701
2209
4546
5145
5232
5273
5551
Group 152 size 3
2230
3919
5095
Group 153 size 1
2244
Group 154 size 5
2207
2251
4442
5890
6100
Group 155 size 2
2321
6015
Group 156 size 1
2352
Group 157 size 1
2379
Group 158 size 1
2399
Group 159 size 1
2480
Group 160 size 4
1190
1471
2489
2681
Group 161 size 1
2527
Group 162 size 2
2547
3737
Group 163 size 26
134
170
671
718
839
881
1087
1132
1165
1270
1399
1631
1735
1752
2161
2548
2634
2778
3022
3337
3508
3906
4896
5202
6191
6404
Group 164 size 1
2610
Group 165 size 1
2629
Group 166 size 1
2638
Group 167 size 7
1081
1333
2106
2699
4831
4938
5136
Group 168 size 12
1611
1846
1993
2144
2712
2736
2803
4077
4247
4417
4456
5117
Group 169 size 19
515
814
990
1178
1425
2150
2740
3404
3455
3525
3735
3882
4060
4167
4620
4621
4647
4761
5454
Group 170 size 5
327
1520
2327
2745
6417
Group 171 size 1
2754
Group 172 size 1
2761
Group 173 size 3
2796
3466
3664
Group 174 size 1
2806
Group 175 size 5
2814
3227
3630
4262
4577
Group 176 size 1
2847
Group 177 size 22
41
372
960
1125
1924
2033
2034
2229
2805
2865
2950
3475
3482
3736
4349
4351
4615
4940
5336
5388
5504
6523
Group 178 size 30
169
300
361
402
416
720
786
1926
1959
1961
2676
2735
2845
2898
2905
2915
2970
3073
3107
3253
3336
3637
3747
3834
4745
4806
5425
5447
6077
6221
Group 179 size 7
2132
2468
2503
2943
3190
5505
5963
Group 180 size 1
2949
Group 181 size 1
2974
Group 182 size 1
2997
Group 183 size 1
3041
Group 184 size 1
3115
Group 185 size 1
3151
Group 186 size 2
2257
3168
Group 187 size 4
3185
3485
5609
5755
Group 188 size 1
3196
Group 189 size 3
3231
4013
4673
Group 190 size 1
3267
Group 191 size 1
3285
Group 192 size 1
3366
Group 193 size 1
3372
Group 194 size 4
2014
3169
3361
3401
Group 195 size 1
3405
Group 196 size 1
3412
Group 197 size 1
3425
Group 198 size 7
3429
3518
3952
4191
5480
5522
6455
Group 199 size 1
3468
Group 200 size 1
3473
Group 201 size 1
3498
Group 202 size 1
3533
Group 203 size 7
201
302
838
3428
3579
3713
4913
Group 204 size 1
3604
Group 205 size 8
156
173
347
1251
2036
3619
5162
5265
Group 206 size 2
1291
3644
Group 207 size 1
3655
Group 208 size 1
3686
Group 209 size 1
3724
Group 210 size 1
3733
Group 211 size 1
3753
Group 212 size 54
174
224
341
400
568
723
862
1018
1035
1075
1084
1246
1249
1363
1432
1514
1544
1652
1670
2071
2837
3013
3156
3167
3204
3330
3348
3441
3625
3842
3869
4041
4072
4132
4400
4498
4708
4803
4824
4933
5087
5129
5147
5178
5283
5297
5449
5450
5511
5529
6041
6043
6066
6289
Group 213 size 1
3916
Group 214 size 1
3927
Group 215 size 1
3959
Group 216 size 1
3963
Group 217 size 1
3977
Group 218 size 1
3982
Group 219 size 1
3991
Group 220 size 1
4042
Group 221 size 172
83
113
124
135
140
672
744
771
797
822
844
910
921
1050
1085
1240
1259
1269
1278
1365
1386
1434
1458
1480
1486
1492
1495
1504
1533
1555
1703
1710
1739
1770
1772
1822
1842
1856
1965
2050
2084
2155
2172
2216
2247
2253
2295
2314
2347
2359
2398
2424
2434
2445
2449
2472
2594
2692
2733
2744
2788
2883
2901
2998
3025
3054
3092
3125
3141
3187
3199
3228
3232
3241
3260
3281
3291
3293
3298
3322
3418
3513
3553
3557
3595
3615
3617
3661
3691
3715
3719
3751
3756
3798
3870
3885
3940
3970
3971
3999
4006
4008
4025
4043
4048
4062
4088
4194
4216
4229
4239
4253
4261
4299
4301
4402
4405
4409
4466
4474
4499
4518
4588
4590
4610
4636
4713
4715
4770
4833
4869
4895
4919
4930
4932
4951
4972
4976
5062
5077
5084
5103
5127
5148
5194
5285
5316
5384
5429
5445
5565
5600
5689
5710
5763
5802
5860
5944
5951
6019
6029
6128
6166
6167
6204
6222
6350
6368
6379
6405
6447
6500
Group 222 size 2
4050
4868
Group 223 size 1
4069
Group 224 size 1
4075
Group 225 size 1
4089
Group 226 size 1
4106
Group 227 size 1
4108
Group 228 size 2
2463
4125
Group 229 size 1
4152
Group 230 size 1
4155
Group 231 size 240
22
86
189
306
512
553
650
691
741
768
788
791
800
806
816
877
961
1023
1029
1051
1071
1078
1123
1185
1247
1465
1502
1950
2317
2474
2643
2651
2841
3053
3153
3226
3265
3340
3377
3411
3421
3516
3542
3566
3722
3734
3746
3765
3829
3848
3868
3883
3941
3946
3951
3954
3985
4023
4123
4131
4133
4135
4158
4159
4161
4163
4164
4168
4180
4181
4190
4192
4203
4209
4212
4254
4263
4265
4275
4277
4281
4284
4288
4296
4303
4310
4323
4397
4401
4412
4418
4423
4469
4478
4486
4495
4517
4527
4531
4535
4635
4656
4662
4665
4679
4692
4699
4709
4754
4756
4778
4786
4811
4829
4870
4888
4904
4934
4956
4964
4988
5089
5163
5165
5201
5247
5349
5401
5409
5527
5541
5542
5586
5591
5596
5606
5608
5612
5616
5623
5628
5631
5637
5639
5643
5644
5648
5655
5665
5676
5682
5687
5694
5712
5715
5718
5721
5728
5740
5752
5760
5765
5767
5782
5784
5805
5811
5841
5850
5854
5858
5865
5867
5869
5871
5880
5885
5893
5895
5900
5903
5904
5906
5909
5911
5914
5917
5919
5924
5925
5929
5936
5940
5942
5945
5946
5948
5959
5961
5966
5971
5972
5983
5985
5988
5998
6002
6003
6011
6012
6021
6024
6026
6030
6034
6035
6038
6047
6063
6079
6080
6082
6083
6090
6091
6095
6157
6189
6219
6229
6237
6271
6290
6331
6343
6442
6458
6463
6497
6528
Group 232 size 2
1100
4252
Group 233 size 1
4330
Group 234 size 3
4336
5239
5446
Group 235 size 1
4342
Group 236 size 8
4343
4460
5553
5754
5913
6069
6200
6371
Group 237 size 59
628
2501
3194
3304
3387
3840
3857
3858
3917
3930
3944
4124
4141
4146
4162
4196
4217
4222
4356
4659
4669
4682
4724
4757
4789
4823
4832
4952
5344
5442
5531
5563
5569
5574
5620
5627
5635
5636
5691
5725
5772
5786
5847
5861
5864
5943
5956
5962
5968
5979
5982
6004
6056
6093
6176
6232
6272
6312
6520
Group 238 size 1
4376
Group 239 size 1
4382
Group 240 size 1
4389
Group 241 size 1
4406
Group 242 size 1
4427
Group 243 size 1
4513
Group 244 size 1
4552
Group 245 size 1
4601
Group 246 size 1
4675
Group 247 size 1
4690
Group 248 size 14
605
1180
1637
2233
2953
4081
4616
4617
4726
4931
5291
5646
5958
6070
Group 249 size 1
4738
Group 250 size 1
4879
Group 251 size 1
4884
Group 252 size 1
4892
Group 253 size 1
4906
Group 254 size 1
4916
Group 255 size 16
187
646
673
1775
2298
3311
3711
4066
4079
4458
4922
5002
5179
5294
5487
5497
Group 256 size 1
4926
Group 257 size 1
4948
Group 258 size 1
5047
Group 259 size 1
5078
Group 260 size 3
4279
5092
5604
Group 261 size 1
5114
Group 262 size 1
5144
Group 263 size 1
5189
Group 264 size 1
5214
Group 265 size 2
1478
5302
Group 266 size 1
5320
Group 267 size 1
5431
Group 268 size 1
5461
Group 269 size 1
5519
Group 270 size 1
5584
Group 271 size 1
5593
Group 272 size 1
5699
Group 273 size 1
5704
Group 274 size 1
5839
Group 275 size 1
5843
Group 276 size 1
5845
Group 277 size 1
5866
Group 278 size 1
5878
Group 279 size 1
6032
Group 280 size 1
6036
Group 281 size 1
6078
Group 282 size 1
6130
Group 283 size 1
6147
Group 284 size 1
6159
Group 285 size 1
6162
Group 286 size 1
6177
Group 287 size 2
286
6192
Group 288 size 3
2255
5523
6217
Group 289 size 1
6228
Group 290 size 1
6234
Group 291 size 1
6243
Group 292 size 8
1037
1097
1748
1829
5603
6071
6183
6253
Group 293 size 2
4211
6255
Group 294 size 3
425
3701
6266
Group 295 size 1
6268
Group Noise size 2293
3
4
6
7
11
17
20
23
24
26
28
30
32
36
39
40
42
44
45
47
48
49
50
51
54
60
62
63
69
73
76
85
87
88
89
90
91
95
97
106
107
108
109
114
115
116
119
122
127
129
130
132
133
145
148
149
150
151
154
155
158
159
168
172
176
178
179
181
183
184
186
197
202
204
206
209
210
212
214
215
219
220
221
223
227
231
234
242
244
246
248
253
257
258
260
261
262
263
264
265
266
267
270
271
274
275
276
277
278
279
280
281
284
287
289
291
294
295
296
298
303
305
307
309
310
313
315
316
317
319
320
321
322
325
331
332
334
337
340
342
343
346
349
350
351
355
356
357
368
373
374
375
376
377
378
379
381
385
390
391
396
398
403
405
407
415
417
419
423
428
430
438
441
450
451
453
457
460
462
463
465
467
471
472
474
475
476
480
484
487
498
499
504
508
511
514
516
517
523
527
528
531
532
535
537
540
544
545
550
552
558
560
563
567
569
573
580
583
588
590
591
593
598
599
600
601
609
610
611
619
623
629
632
640
641
642
644
648
651
652
655
656
657
662
666
675
677
680
681
684
685
686
693
694
695
697
708
711
717
721
722
732
738
745
746
747
755
757
758
761
762
774
780
782
783
784
792
799
812
813
818
820
828
832
834
842
847
855
857
860
863
865
878
880
882
884
891
896
898
900
904
907
908
909
915
917
919
920
925
927
928
930
931
933
935
936
938
939
940
941
946
950
952
956
962
965
966
967
969
971
972
974
976
977
980
981
982
984
985
986
989
991
995
996
997
999
1000
1002
1003
1005
1007
1009
1013
1016
1017
1021
1024
1030
1036
1040
1041
1044
1048
1053
1055
1056
1059
1060
1066
1070
1083
1086
1090
1091
1092
1094
1096
1101
1106
1111
1114
1115
1126
1127
1129
1130
1131
1134
1141
1148
1150
1151
1152
1153
1154
1162
1171
1172
1179
1182
1183
1188
1193
1194
1199
1201
1202
1203
1204
1206
1207
1209
1211
1212
1215
1216
1217
1220
1224
1226
1229
1236
1239
1242
1244
1248
1254
1255
1263
1268
1273
1279
1280
1281
1282
1283
1284
1285
1286
1287
1290
1293
1296
1304
1307
1308
1309
1315
1316
1321
1323
1329
1336
1337
1340
1341
1347
1348
1351
1352
1354
1358
1359
1361
1364
1368
1374
1375
1376
1377
1380
1388
1389
1390
1392
1395
1397
1398
1405
1408
1410
1411
1413
1414
1415
1416
1419
1423
1426
1433
1437
1440
1441
1442
1445
1447
1462
1467
1468
1469
1482
1483
1490
1491
1494
1499
1500
1505
1512
1513
1517
1519
1522
1525
1527
1532
1534
1535
1537
1540
1541
1550
1553
1557
1558
1561
1562
1564
1566
1569
1571
1572
1573
1577
1581
1582
1584
1585
1588
1589
1591
1592
1595
1597
1600
1601
1603
1604
1616
1617
1618
1619
1621
1625
1626
1628
1636
1638
1642
1643
1644
1653
1655
1656
1657
1658
1659
1660
1662
1667
1673
1677
1680
1681
1683
1685
1689
1691
1692
1698
1699
1701
1702
1704
1706
1708
1711
1712
1717
1718
1720
1721
1723
1724
1725
1728
1729
1731
1742
1743
1744
1745
1754
1755
1757
1758
1760
1761
1762
1764
1767
1769
1773
1776
1778
1783
1788
1789
1790
1794
1796
1802
1803
1811
1813
1815
1816
1817
1827
1833
1835
1836
1838
1847
1848
1849
1852
1854
1860
1861
1863
1864
1865
1868
1872
1873
1874
1880
1888
1890
1891
1892
1894
1895
1896
1897
1900
1901
1902
1904
1906
1907
1908
1909
1911
1912
1913
1915
1918
1920
1922
1923
1927
1928
1929
1930
1931
1932
1933
1934
1935
1943
1944
1945
1946
1947
1948
1949
1951
1953
1954
1956
1957
1958
1962
1963
1966
1967
1974
1976
1977
1978
1979
1980
1981
1982
1983
1984
1985
1986
1987
1988
1989
1990
1991
1992
1994
1996
1998
2000
2001
2002
2003
2004
2005
2007
2012
2016
2017
2018
2019
2020
2021
2022
2023
2025
2026
2027
2028
2029
2030
2031
2032
2035
2037
2040
2043
2046
2047
2053
2055
2056
2057
2058
2062
2064
2066
2067
2069
2070
2072
2074
2075
2076
2077
2078
2079
2081
2082
2085
2095
2099
2102
2103
2104
2107
2108
2109
2110
2111
2112
2113
2114
2115
2116
2117
2121
2124
2130
2131
2134
2135
2138
2145
2151
2152
2153
2157
2158
2160
2164
2165
2166
2168
2171
2177
2178
2179
2181
2182
2184
2185
2186
2187
2188
2190
2193
2195
2196
2197
2198
2199
2201
2203
2205
2206
2213
2217
2218
2219
2221
2222
2223
2225
2231
2234
2237
2241
2243
2246
2250
2256
2258
2259
2260
2263
2264
2265
2267
2270
2275
2279
2283
2284
2288
2289
2290
2291
2293
2297
2300
2304
2306
2310
2311
2316
2318
2320
2322
2323
2324
2325
2328
2329
2331
2332
2333
2338
2339
2340
2344
2345
2346
2351
2353
2357
2358
2362
2364
2373
2374
2377
2381
2383
2386
2391
2400
2403
2407
2408
2410
2412
2413
2414
2416
2417
2418
2419
2420
2425
2427
2432
2438
2440
2441
2448
2450
2458
2460
2461
2464
2483
2484
2485
2486
2487
2490
2491
2497
2499
2504
2512
2516
2520
2523
2526
2528
2534
2537
2538
2539
2545
2546
2549
2552
2554
2556
2558
2563
2566
2570
2571
2572
2582
2583
2591
2596
2597
2598
2601
2603
2605
2606
2609
2611
2612
2613
2614
2615
2616
2617
2618
2619
2620
2624
2626
2630
2632
2642
2647
2653
2654
2657
2659
2660
2661
2662
2664
2665
2666
2667
2668
2671
2672
2674
2675
2679
2680
2682
2685
2687
2691
2696
2697
2701
2705
2708
2710
2715
2717
2720
2721
2722
2725
2727
2728
2730
2738
2739
2751
2757
2758
2760
2767
2768
2771
2776
2777
2782
2785
2786
2789
2792
2799
2800
2801
2802
2804
2810
2811
2824
2825
2833
2839
2843
2852
2855
2857
2861
2863
2866
2867
2874
2875
2878
2880
2881
2892
2893
2895
2896
2899
2903
2904
2906
2907
2910
2911
2918
2919
2921
2922
2923
2924
2931
2932
2933
2935
2937
2938
2940
2941
2942
2945
2946
2947
2952
2959
2961
2962
2963
2964
2965
2966
2968
2969
2971
2973
2977
2979
2982
2984
2985
2989
2991
2992
2993
3000
3004
3005
3011
3016
3017
3020
3023
3027
3031
3032
3033
3035
3042
3043
3044
3045
3049
3050
3051
3061
3063
3065
3069
3070
3072
3074
3076
3084
3094
3096
3103
3108
3110
3111
3112
3113
3118
3119
3121
3122
3123
3128
3129
3130
3135
3137
3138
3139
3140
3142
3145
3149
3154
3155
3157
3162
3163
3164
3165
3170
3175
3176
3179
3180
3183
3184
3191
3195
3201
3202
3207
3208
3211
3213
3214
3216
3221
3222
3223
3224
3229
3233
3234
3236
3237
3238
3239
3243
3251
3255
3261
3262
3263
3264
3266
3268
3273
3277
3282
3283
3284
3288
3290
3296
3300
3302
3305
3307
3310
3312
3313
3315
3318
3321
3325
3326
3327
3331
3333
3334
3335
3343
3345
3350
3362
3368
3378
3380
3381
3383
3385
3388
3390
3392
3393
3396
3397
3400
3406
3407
3410
3413
3416
3420
3424
3427
3430
3431
3432
3433
3438
3442
3443
3445
3448
3449
3450
3452
3453
3454
3456
3460
3463
3464
3467
3474
3476
3479
3480
3486
3487
3488
3490
3491
3492
3496
3500
3502
3503
3507
3509
3510
3511
3512
3519
3521
3522
3523
3528
3536
3544
3545
3548
3550
3551
3552
3555
3558
3560
3569
3570
3571
3572
3576
3577
3578
3584
3590
3592
3593
3596
3609
3611
3612
3613
3614
3616
3618
3623
3627
3629
3631
3634
3635
3638
3640
3642
3645
3647
3650
3652
3653
3654
3657
3658
3665
3669
3670
3672
3674
3675
3676
3678
3684
3685
3689
3696
3697
3698
3699
3703
3705
3714
3718
3727
3732
3743
3744
3745
3752
3754
3755
3757
3758
3759
3760
3762
3766
3769
3770
3771
3776
3777
3780
3781
3782
3784
3785
3786
3787
3790
3791
3794
3795
3796
3797
3800
3801
3802
3804
3805
3807
3811
3814
3815
3816
3818
3819
3820
3821
3822
3828
3831
3833
3835
3837
3838
3841
3843
3844
3845
3846
3847
3849
3851
3852
3856
3859
3862
3866
3867
3871
3875
3878
3879
3890
3891
3893
3896
3909
3913
3920
3931
3935
3939
3942
3943
3947
3949
3961
3962
3965
3969
3972
3974
3975
3978
3981
3987
3988
3990
3993
4007
4012
4017
4018
4020
4022
4024
4027
4028
4030
4032
4034
4035
4038
4045
4055
4057
4061
4064
4065
4071
4073
4074
4076
4085
4087
4090
4093
4094
4097
4098
4099
4102
4103
4104
4107
4109
4114
4118
4119
4121
4122
4128
4134
4136
4137
4138
4140
4142
4149
4156
4160
4170
4176
4177
4178
4179
4186
4187
4189
4202
4205
4206
4207
4210
4215
4219
4220
4221
4224
4225
4227
4231
4233
4234
4238
4240
4241
4245
4251
4255
4259
4264
4269
4270
4271
4272
4273
4276
4280
4289
4290
4291
4293
4304
4305
4314
4315
4316
4317
4318
4325
4327
4328
4331
4333
4337
4338
4346
4348
4350
4352
4353
4355
4368
4371
4377
4383
4384
4385
4386
4387
4392
4393
4394
4395
4403
4407
4411
4426
4428
4433
4434
4435
4437
4444
4449
4450
4454
4455
4461
4463
4464
4465
4468
4470
4471
4475
4480
4488
4490
4496
4497
4500
4501
4502
4504
4505
4507
4508
4516
4520
4521
4524
4525
4526
4528
4529
4532
4536
4537
4538
4541
4544
4545
4548
4553
4554
4555
4556
4557
4558
4559
4561
4562
4564
4566
4567
4569
4570
4571
4573
4574
4576
4581
4582
4584
4585
4586
4589
4591
4592
4593
4594
4595
4596
4598
4599
4600
4602
4604
4605
4606
4607
4608
4609
4611
4614
4618
4624
4625
4626
4627
4628
4629
4630
4631
4632
4633
4638
4639
4640
4643
4645
4646
4648
4650
4652
4653
4654
4655
4657
4661
4664
4666
4667
4671
4672
4677
4681
4683
4684
4686
4689
4691
4700
4701
4702
4703
4705
4707
4710
4712
4718
4720
4722
4737
4740
4741
4748
4751
4752
4753
4755
4758
4759
4763
4764
4767
4771
4775
4776
4781
4784
4785
4787
4790
4791
4793
4795
4800
4801
4804
4810
4813
4814
4815
4817
4818
4819
4821
4822
4825
4834
4837
4839
4840
4843
4846
4852
4853
4855
4856
4857
4859
4865
4871
4874
4876
4877
4882
4883
4886
4891
4893
4894
4897
4898
4902
4907
4912
4914
4918
4920
4921
4927
4935
4941
4945
4947
4957
4961
4963
4970
4971
4977
4978
4979
4983
4986
4989
4990
4991
4992
4993
4999
5000
5001
5004
5005
5006
5008
5009
5012
5013
5014
5018
5021
5023
5026
5035
5036
5037
5040
5042
5044
5045
5049
5054
5055
5056
5061
5064
5066
5070
5079
5083
5085
5090
5094
5098
5100
5107
5111
5112
5113
5116
5119
5120
5121
5123
5128
5130
5131
5133
5138
5140
5143
5149
5150
5151
5153
5156
5158
5164
5171
5172
5173
5174
5175
5176
5180
5181
5186
5187
5188
5190
5191
5195
5199
5200
5203
5204
5206
5210
5216
5218
5221
5222
5226
5227
5236
5237
5245
5249
5251
5252
5257
5262
5263
5266
5268
5270
5271
5274
5276
5278
5282
5289
5290
5296
5299
5305
5306
5307
5309
5310
5312
5313
5314
5318
5319
5322
5323
5324
5326
5327
5332
5338
5339
5342
5343
5345
5347
5348
5350
5353
5356
5361
5363
5364
5366
5367
5369
5370
5371
5372
5374
5377
5382
5383
5389
5394
5395
5399
5403
5407
5413
5414
5416
5418
5421
5432
5433
5436
5437
5439
5443
5451
5458
5467
5468
5469
5470
5471
5472
5474
5476
5479
5481
5482
5483
5484
5485
5488
5489
5490
5491
5492
5493
5494
5496
5501
5502
5506
5514
5515
5516
5524
5525
5533
5534
5535
5536
5537
5540
5546
5547
5548
5550
5552
5554
5555
5557
5558
5562
5564
5566
5567
5570
5575
5577
5578
5579
5587
5589
5590
5592
5595
5602
5607
5613
5614
5615
5619
5626
5634
5640
5645
5651
5653
5654
5656
5657
5658
5659
5660
5661
5662
5667
5669
5672
5673
5674
5678
5679
5680
5685
5688
5690
5695
5698
5701
5703
5708
5711
5714
5722
5729
5730
5732
5733
5734
5739
5742
5746
5750
5751
5753
5756
5769
5778
5779
5780
5783
5793
5794
5795
5797
5798
5801
5803
5807
5810
5814
5815
5817
5826
5835
5851
5852
5862
5868
5870
5875
5881
5886
5891
5896
5902
5907
5908
5910
5916
5918
5920
5923
5928
5930
5934
5935
5938
5952
5953
5954
5960
5967
5969
5970
5973
5974
5975
5977
5989
5990
5991
5994
5996
6009
6022
6042
6045
6048
6049
6052
6055
6061
6065
6074
6075
6088
6098
6099
6102
6103
6105
6107
6108
6109
6110
6114
6115
6116
6122
6125
6126
6129
6131
6133
6134
6138
6139
6142
6143
6150
6156
6158
6161
6164
6168
6171
6174
6180
6185
6187
6190
6193
6194
6196
6205
6213
6214
6216
6218
6223
6224
6226
6230
6231
6240
6245
6248
6252
6256
6258
6259
6262
6263
6267
6269
6270
6277
6281
6296
6307
6310
6311
6321
6322
6324
6325
6326
6329
6333
6334
6349
6354
6356
6358
6361
6381
6382
6388
6395
6396
6403
6408
6409
6412
6415
6416
6419
6421
6422
6424
6428
6429
6432
6433
6436
6438
6440
6441
6449
6450
6454
6457
6464
6470
6471
6472
6476
6479
6480
6484
6489
6490
6498
6499
6503
6504
6507
6508
6510
6512
6513
6515
6516
6517
6518
6524
6525
6531
