page_1	page_2	page_3	page_4	page_5	page_6	page_7	page_8	page_9	page_10	page_11	page_12	page_13	page_14	page_15	page_16	page_17	page_18	page_19	page_20	page_21	page_22	page_23	page_24	page_25	page_26	page_27	page_28	page_29	page_30
discrete	discrete	discrete	discrete	discrete	discrete	discrete	discrete	discrete	discrete	discrete	discrete	discrete	discrete	discrete	discrete	discrete	discrete	discrete	discrete	discrete	discrete	discrete	discrete	discrete	discrete	discrete	discrete	discrete	discrete
679	799	679	799	679	799	679	-1	-1	-1	-1	-1	-1	-1	-1	-1	-1	-1	-1	-1	-1	-1	-1	-1	-1	-1	-1	-1	-1	-1
708	708	708	708	708	708	708	708	-1	-1	-1	-1	-1	-1	-1	-1	-1	-1	-1	-1	-1	-1	-1	-1	-1	-1	-1	-1	-1	-1
198	194	194	198	222	198	226	198	198	-1	-1	-1	-1	-1	-1	-1	-1	-1	-1	-1	-1	-1	-1	-1	-1	-1	-1	-1	-1	-1
1054	1054	1054	1054	1054	1054	1054	1054	1054	1054	1054	1054	1054	1054	1054	1054	1054	1054	1054	1054	1054	-1	-1	-1	-1	-1	-1	-1	-1	-1
0	818	818	818	818	818	818	818	818	818	818	818	-1	-1	-1	-1	-1	-1	-1	-1	-1	-1	-1	-1	-1	-1	-1	-1	-1	-1
679	799	679	799	682	714	-1	-1	-1	-1	-1	-1	-1	-1	-1	-1	-1	-1	-1	-1	-1	-1	-1	-1	-1	-1	-1	-1	-1	-1
683	682	116	788	198	679	122	179	818	-1	-1	-1	-1	-1	-1	-1	-1	-1	-1	-1	-1	-1	-1	-1	-1	-1	-1	-1	-1	-1
818	818	818	818	819	819	818	-1	-1	-1	-1	-1	-1	-1	-1	-1	-1	-1	-1	-1	-1	-1	-1	-1	-1	-1	-1	-1	-1	-1
0	0	0	0	0	0	0	-1	-1	-1	-1	-1	-1	-1	-1	-1	-1	-1	-1	-1	-1	-1	-1	-1	-1	-1	-1	-1	-1	-1
0	0	0	0	0	0	0	0	0	0	0	0	-1	-1	-1	-1	-1	-1	-1	-1	-1	-1	-1	-1	-1	-1	-1	-1	-1	-1
198	679	240	208	260	261	-1	-1	-1	-1	-1	-1	-1	-1	-1	-1	-1	-1	-1	-1	-1	-1	-1	-1	-1	-1	-1	-1	-1	-1
0	191	818	818	960	960	960	960	818	818	0	191	-1	-1	-1	-1	-1	-1	-1	-1	-1	-1	-1	-1	-1	-1	-1	-1	-1	-1
0	0	818	818	818	818	818	818	818	418	418	0	818	818	818	818	818	818	818	818	818	-1	-1	-1	-1	-1	-1	-1	-1	-1
0	818	826	1014	1014	1014	826	818	0	818	818	818	818	818	818	818	-1	-1	-1	-1	-1	-1	-1	-1	-1	-1	-1	-1	-1	-1
680	1123	681	708	680	812	1083	0	679	173	807	191	799	1079	1104	797	198	-1	-1	-1	-1	-1	-1	-1	-1	-1	-1	-1	-1	-1
664	664	664	664	664	664	664	664	664	664	664	664	664	664	664	664	664	664	-1	-1	-1	-1	-1	-1	-1	-1	-1	-1	-1	-1
664	664	664	664	664	664	664	664	664	664	664	664	664	664	-1	-1	-1	-1	-1	-1	-1	-1	-1	-1	-1	-1	-1	-1	-1	-1
0	818	818	818	818	0	818	818	818	818	818	818	818	818	-1	-1	-1	-1	-1	-1	-1	-1	-1	-1	-1	-1	-1	-1	-1	-1
818	980	980	679	679	818	818	818	818	-1	-1	-1	-1	-1	-1	-1	-1	-1	-1	-1	-1	-1	-1	-1	-1	-1	-1	-1	-1	-1
680	679	824	679	824	679	680	-1	-1	-1	-1	-1	-1	-1	-1	-1	-1	-1	-1	-1	-1	-1	-1	-1	-1	-1	-1	-1	-1	-1
818	818	818	818	818	818	0	0	818	818	818	818	818	818	818	818	818	818	-1	-1	-1	-1	-1	-1	-1	-1	-1	-1	-1	-1
293	293	0	773	624	0	773	-1	-1	-1	-1	-1	-1	-1	-1	-1	-1	-1	-1	-1	-1	-1	-1	-1	-1	-1	-1	-1	-1	-1
169	167	167	824	167	117	121	121	-1	-1	-1	-1	-1	-1	-1	-1	-1	-1	-1	-1	-1	-1	-1	-1	-1	-1	-1	-1	-1	-1
818	788	818	788	818	788	818	818	788	818	788	818	788	818	788	818	788	818	788	818	788	818	788	-1	-1	-1	-1	-1	-1	-1
679	799	679	799	682	624	682	714	679	799	714	-1	-1	-1	-1	-1	-1	-1	-1	-1	-1	-1	-1	-1	-1	-1	-1	-1	-1	-1
679	799	682	714	679	799	-1	-1	-1	-1	-1	-1	-1	-1	-1	-1	-1	-1	-1	-1	-1	-1	-1	-1	-1	-1	-1	-1	-1	-1
0	818	826	818	818	818	818	-1	-1	-1	-1	-1	-1	-1	-1	-1	-1	-1	-1	-1	-1	-1	-1	-1	-1	-1	-1	-1	-1	-1
818	826	826	818	818	818	818	818	818	818	818	818	818	818	818	-1	-1	-1	-1	-1	-1	-1	-1	-1	-1	-1	-1	-1	-1	-1
1054	1054	1054	1054	1054	1054	1054	-1	-1	-1	-1	-1	-1	-1	-1	-1	-1	-1	-1	-1	-1	-1	-1	-1	-1	-1	-1	-1	-1	-1
0	818	0	818	860	860	827	820	821	821	821	-1	-1	-1	-1	-1	-1	-1	-1	-1	-1	-1	-1	-1	-1	-1	-1	-1	-1	-1
0	0	0	0	0	0	0	0	0	0	-1	-1	-1	-1	-1	-1	-1	-1	-1	-1	-1	-1	-1	-1	-1	-1	-1	-1	-1	-1
164	237	237	1116	680	680	234	232	-1	-1	-1	-1	-1	-1	-1	-1	-1	-1	-1	-1	-1	-1	-1	-1	-1	-1	-1	-1	-1	-1
664	664	664	664	664	664	664	664	664	664	-1	-1	-1	-1	-1	-1	-1	-1	-1	-1	-1	-1	-1	-1	-1	-1	-1	-1	-1	-1
695	459	695	768	768	459	695	459	768	459	768	-1	-1	-1	-1	-1	-1	-1	-1	-1	-1	-1	-1	-1	-1	-1	-1	-1	-1	-1
821	118	119	184	122	116	679	-1	-1	-1	-1	-1	-1	-1	-1	-1	-1	-1	-1	-1	-1	-1	-1	-1	-1	-1	-1	-1	-1	-1
0	0	825	824	822	819	797	191	818	679	1079	709	198	116	664	788	818	222	818	282	723	722	200	293	1058	-1	-1	-1	-1	-1
664	664	664	664	664	664	-1	-1	-1	-1	-1	-1	-1	-1	-1	-1	-1	-1	-1	-1	-1	-1	-1	-1	-1	-1	-1	-1	-1	-1
354	354	354	354	354	354	354	354	354	-1	-1	-1	-1	-1	-1	-1	-1	-1	-1	-1	-1	-1	-1	-1	-1	-1	-1	-1	-1	-1
679	679	679	682	624	682	679	-1	-1	-1	-1	-1	-1	-1	-1	-1	-1	-1	-1	-1	-1	-1	-1	-1	-1	-1	-1	-1	-1	-1
818	114	0	1123	708	797	191	818	818	-1	-1	-1	-1	-1	-1	-1	-1	-1	-1	-1	-1	-1	-1	-1	-1	-1	-1	-1	-1	-1
826	826	826	827	827	826	827	826	826	818	826	826	818	826	-1	-1	-1	-1	-1	-1	-1	-1	-1	-1	-1	-1	-1	-1	-1	-1
818	818	818	818	818	818	818	993	818	818	984	984	984	818	818	993	993	993	827	993	827	827	993	827	827	-1	-1	-1	-1	-1
0	818	826	826	826	826	818	0	-1	-1	-1	-1	-1	-1	-1	-1	-1	-1	-1	-1	-1	-1	-1	-1	-1	-1	-1	-1	-1	-1
0	818	818	818	40	98	98	98	98	98	98	98	98	98	98	98	818	818	41	61	818	818	38	14	89	-1	-1	-1	-1	-1
0	818	818	818	818	818	-1	-1	-1	-1	-1	-1	-1	-1	-1	-1	-1	-1	-1	-1	-1	-1	-1	-1	-1	-1	-1	-1	-1	-1
708	708	708	708	708	708	-1	-1	-1	-1	-1	-1	-1	-1	-1	-1	-1	-1	-1	-1	-1	-1	-1	-1	-1	-1	-1	-1	-1	-1
708	708	708	708	708	708	-1	-1	-1	-1	-1	-1	-1	-1	-1	-1	-1	-1	-1	-1	-1	-1	-1	-1	-1	-1	-1	-1	-1	-1
0	788	0	788	0	818	0	818	-1	-1	-1	-1	-1	-1	-1	-1	-1	-1	-1	-1	-1	-1	-1	-1	-1	-1	-1	-1	-1	-1
708	708	708	708	708	708	708	708	708	708	708	708	708	708	708	708	708	-1	-1	-1	-1	-1	-1	-1	-1	-1	-1	-1	-1	-1
708	708	708	708	708	708	708	-1	-1	-1	-1	-1	-1	-1	-1	-1	-1	-1	-1	-1	-1	-1	-1	-1	-1	-1	-1	-1	-1	-1
664	664	664	664	664	664	-1	-1	-1	-1	-1	-1	-1	-1	-1	-1	-1	-1	-1	-1	-1	-1	-1	-1	-1	-1	-1	-1	-1	-1
708	708	708	708	708	708	708	708	708	708	708	708	708	-1	-1	-1	-1	-1	-1	-1	-1	-1	-1	-1	-1	-1	-1	-1	-1	-1
0	679	1077	818	818	818	818	818	824	-1	-1	-1	-1	-1	-1	-1	-1	-1	-1	-1	-1	-1	-1	-1	-1	-1	-1	-1	-1	-1
679	682	682	679	679	682	682	624	682	679	-1	-1	-1	-1	-1	-1	-1	-1	-1	-1	-1	-1	-1	-1	-1	-1	-1	-1	-1	-1
679	799	819	819	819	819	819	819	819	-1	-1	-1	-1	-1	-1	-1	-1	-1	-1	-1	-1	-1	-1	-1	-1	-1	-1	-1	-1	-1
695	695	697	695	459	686	689	699	740	-1	-1	-1	-1	-1	-1	-1	-1	-1	-1	-1	-1	-1	-1	-1	-1	-1	-1	-1	-1	-1
818	818	198	116	234	234	-1	-1	-1	-1	-1	-1	-1	-1	-1	-1	-1	-1	-1	-1	-1	-1	-1	-1	-1	-1	-1	-1	-1	-1
0	0	0	556	818	818	818	234	-1	-1	-1	-1	-1	-1	-1	-1	-1	-1	-1	-1	-1	-1	-1	-1	-1	-1	-1	-1	-1	-1
708	708	708	708	708	708	-1	-1	-1	-1	-1	-1	-1	-1	-1	-1	-1	-1	-1	-1	-1	-1	-1	-1	-1	-1	-1	-1	-1	-1
818	818	756	679	234	234	-1	-1	-1	-1	-1	-1	-1	-1	-1	-1	-1	-1	-1	-1	-1	-1	-1	-1	-1	-1	-1	-1	-1	-1
818	114	0	1123	708	797	191	-1	-1	-1	-1	-1	-1	-1	-1	-1	-1	-1	-1	-1	-1	-1	-1	-1	-1	-1	-1	-1	-1	-1
708	708	708	708	708	708	708	708	708	708	708	-1	-1	-1	-1	-1	-1	-1	-1	-1	-1	-1	-1	-1	-1	-1	-1	-1	-1	-1
679	198	237	277	237	198	679	-1	-1	-1	-1	-1	-1	-1	-1	-1	-1	-1	-1	-1	-1	-1	-1	-1	-1	-1	-1	-1	-1	-1
1123	708	198	0	679	799	-1	-1	-1	-1	-1	-1	-1	-1	-1	-1	-1	-1	-1	-1	-1	-1	-1	-1	-1	-1	-1	-1	-1	-1
0	788	0	788	0	788	0	788	-1	-1	-1	-1	-1	-1	-1	-1	-1	-1	-1	-1	-1	-1	-1	-1	-1	-1	-1	-1	-1	-1
818	818	1044	1044	1044	818	818	818	1044	1044	1044	818	-1	-1	-1	-1	-1	-1	-1	-1	-1	-1	-1	-1	-1	-1	-1	-1	-1	-1
526	527	296	297	589	590	418	419	549	550	-1	-1	-1	-1	-1	-1	-1	-1	-1	-1	-1	-1	-1	-1	-1	-1	-1	-1	-1	-1
708	708	708	708	708	708	708	708	-1	-1	-1	-1	-1	-1	-1	-1	-1	-1	-1	-1	-1	-1	-1	-1	-1	-1	-1	-1	-1	-1
708	708	708	708	708	708	708	-1	-1	-1	-1	-1	-1	-1	-1	-1	-1	-1	-1	-1	-1	-1	-1	-1	-1	-1	-1	-1	-1	-1
732	1064	1063	1061	1065	1065	1065	1065	1065	1065	1065	1065	1065	1065	1065	1065	1065	1065	1065	818	859	859	859	679	818	818	-1	-1	-1	-1
664	664	664	664	664	664	-1	-1	-1	-1	-1	-1	-1	-1	-1	-1	-1	-1	-1	-1	-1	-1	-1	-1	-1	-1	-1	-1	-1	-1
1053	1053	1053	1053	1053	1053	1053	1053	1053	1053	1053	1053	1053	1053	1053	1053	-1	-1	-1	-1	-1	-1	-1	-1	-1	-1	-1	-1	-1	-1
0	191	818	818	818	0	191	-1	-1	-1	-1	-1	-1	-1	-1	-1	-1	-1	-1	-1	-1	-1	-1	-1	-1	-1	-1	-1	-1	-1
818	818	818	818	818	818	818	0	818	0	818	-1	-1	-1	-1	-1	-1	-1	-1	-1	-1	-1	-1	-1	-1	-1	-1	-1	-1	-1
788	788	0	0	0	0	0	0	0	788	0	0	0	0	0	-1	-1	-1	-1	-1	-1	-1	-1	-1	-1	-1	-1	-1	-1	-1
0	664	683	0	191	664	683	-1	-1	-1	-1	-1	-1	-1	-1	-1	-1	-1	-1	-1	-1	-1	-1	-1	-1	-1	-1	-1	-1	-1
818	708	818	982	818	788	818	982	818	982	708	818	818	788	818	818	982	-1	-1	-1	-1	-1	-1	-1	-1	-1	-1	-1	-1	-1
826	826	826	826	826	826	826	826	826	826	826	826	826	826	826	826	826	826	-1	-1	-1	-1	-1	-1	-1	-1	-1	-1	-1	-1
708	708	708	708	708	708	708	-1	-1	-1	-1	-1	-1	-1	-1	-1	-1	-1	-1	-1	-1	-1	-1	-1	-1	-1	-1	-1	-1	-1
0	818	818	963	963	818	818	818	818	818	821	821	818	-1	-1	-1	-1	-1	-1	-1	-1	-1	-1	-1	-1	-1	-1	-1	-1	-1
818	979	979	979	818	679	682	682	679	-1	-1	-1	-1	-1	-1	-1	-1	-1	-1	-1	-1	-1	-1	-1	-1	-1	-1	-1	-1	-1
708	708	708	708	708	708	708	708	708	708	708	-1	-1	-1	-1	-1	-1	-1	-1	-1	-1	-1	-1	-1	-1	-1	-1	-1	-1	-1
0	679	799	191	282	237	116	788	282	237	-1	-1	-1	-1	-1	-1	-1	-1	-1	-1	-1	-1	-1	-1	-1	-1	-1	-1	-1	-1
0	293	536	679	799	706	1056	0	679	799	198	679	-1	-1	-1	-1	-1	-1	-1	-1	-1	-1	-1	-1	-1	-1	-1	-1	-1	-1
0	818	921	921	921	679	-1	-1	-1	-1	-1	-1	-1	-1	-1	-1	-1	-1	-1	-1	-1	-1	-1	-1	-1	-1	-1	-1	-1	-1
0	818	818	1041	818	818	818	818	818	853	818	818	818	818	818	818	818	818	818	818	818	818	818	818	818	818	818	-1	-1	-1
0	818	818	818	936	818	818	818	818	818	818	818	818	-1	-1	-1	-1	-1	-1	-1	-1	-1	-1	-1	-1	-1	-1	-1	-1	-1
0	818	0	818	818	818	818	818	818	818	0	818	818	818	998	818	-1	-1	-1	-1	-1	-1	-1	-1	-1	-1	-1	-1	-1	-1
708	708	708	708	708	708	-1	-1	-1	-1	-1	-1	-1	-1	-1	-1	-1	-1	-1	-1	-1	-1	-1	-1	-1	-1	-1	-1	-1	-1
116	198	818	956	818	982	818	198	818	826	826	835	826	824	826	826	826	-1	-1	-1	-1	-1	-1	-1	-1	-1	-1	-1	-1	-1
708	708	708	708	708	0	818	818	0	191	818	0	191	818	708	0	191	818	708	708	708	708	-1	-1	-1	-1	-1	-1	-1	-1
708	708	708	708	708	708	708	708	708	708	708	-1	-1	-1	-1	-1	-1	-1	-1	-1	-1	-1	-1	-1	-1	-1	-1	-1	-1	-1
0	679	818	818	818	818	818	818	679	-1	-1	-1	-1	-1	-1	-1	-1	-1	-1	-1	-1	-1	-1	-1	-1	-1	-1	-1	-1	-1
826	835	835	826	826	826	826	-1	-1	-1	-1	-1	-1	-1	-1	-1	-1	-1	-1	-1	-1	-1	-1	-1	-1	-1	-1	-1	-1	-1
1054	1054	1054	1054	1054	1054	1054	1054	1054	-1	-1	-1	-1	-1	-1	-1	-1	-1	-1	-1	-1	-1	-1	-1	-1	-1	-1	-1	-1	-1
237	1115	1114	1113	237	237	818	-1	-1	-1	-1	-1	-1	-1	-1	-1	-1	-1	-1	-1	-1	-1	-1	-1	-1	-1	-1	-1	-1	-1
679	1077	818	818	818	818	818	818	-1	-1	-1	-1	-1	-1	-1	-1	-1	-1	-1	-1	-1	-1	-1	-1	-1	-1	-1	-1	-1	-1
0	788	788	818	818	818	818	932	818	818	818	818	905	905	905	222	0	788	-1	-1	-1	-1	-1	-1	-1	-1	-1	-1	-1	-1
157	204	164	159	164	159	164	-1	-1	-1	-1	-1	-1	-1	-1	-1	-1	-1	-1	-1	-1	-1	-1	-1	-1	-1	-1	-1	-1	-1
1112	1112	1117	1117	1117	1117	1117	1117	-1	-1	-1	-1	-1	-1	-1	-1	-1	-1	-1	-1	-1	-1	-1	-1	-1	-1	-1	-1	-1	-1
0	818	818	818	818	222	824	818	1011	818	1011	1011	824	818	818	824	222	818	679	-1	-1	-1	-1	-1	-1	-1	-1	-1	-1	-1
805	804	802	803	806	809	801	802	788	665	-1	-1	-1	-1	-1	-1	-1	-1	-1	-1	-1	-1	-1	-1	-1	-1	-1	-1	-1	-1
679	0	679	826	0	824	818	818	826	826	818	818	818	826	826	826	679	706	679	1105	679	1105	199	682	679	0	-1	-1	-1	-1
0	818	818	818	818	818	0	-1	-1	-1	-1	-1	-1	-1	-1	-1	-1	-1	-1	-1	-1	-1	-1	-1	-1	-1	-1	-1	-1	-1
0	818	826	826	826	826	826	826	826	826	826	826	826	826	826	826	826	826	826	826	826	826	826	826	-1	-1	-1	-1	-1	-1
818	818	818	818	818	818	818	818	818	818	0	818	0	818	818	818	0	818	0	-1	-1	-1	-1	-1	-1	-1	-1	-1	-1	-1
818	818	818	818	818	818	818	818	818	818	-1	-1	-1	-1	-1	-1	-1	-1	-1	-1	-1	-1	-1	-1	-1	-1	-1	-1	-1	-1
664	664	664	664	664	664	664	664	664	664	664	664	-1	-1	-1	-1	-1	-1	-1	-1	-1	-1	-1	-1	-1	-1	-1	-1	-1	-1
459	462	695	696	740	741	-1	-1	-1	-1	-1	-1	-1	-1	-1	-1	-1	-1	-1	-1	-1	-1	-1	-1	-1	-1	-1	-1	-1	-1
708	536	526	708	465	708	399	708	296	0	0	-1	-1	-1	-1	-1	-1	-1	-1	-1	-1	-1	-1	-1	-1	-1	-1	-1	-1	-1
0	818	0	0	0	1079	1083	1087	1089	1088	1090	1104	1090	-1	-1	-1	-1	-1	-1	-1	-1	-1	-1	-1	-1	-1	-1	-1	-1	-1
0	818	818	818	818	922	922	922	818	818	897	818	818	846	818	818	937	818	818	994	0	-1	-1	-1	-1	-1	-1	-1	-1	-1
679	682	679	679	818	818	818	818	824	818	818	818	818	818	818	818	1003	827	-1	-1	-1	-1	-1	-1	-1	-1	-1	-1	-1	-1
679	679	682	682	680	682	0	680	682	679	-1	-1	-1	-1	-1	-1	-1	-1	-1	-1	-1	-1	-1	-1	-1	-1	-1	-1	-1	-1
0	818	818	788	821	0	198	275	238	234	-1	-1	-1	-1	-1	-1	-1	-1	-1	-1	-1	-1	-1	-1	-1	-1	-1	-1	-1	-1
818	840	840	818	824	818	818	840	820	821	0	191	222	671	230	120	230	222	671	-1	-1	-1	-1	-1	-1	-1	-1	-1	-1	-1
818	818	818	851	818	818	834	818	818	818	818	818	851	851	818	851	820	821	821	-1	-1	-1	-1	-1	-1	-1	-1	-1	-1	-1
0	191	818	818	818	818	818	818	818	818	-1	-1	-1	-1	-1	-1	-1	-1	-1	-1	-1	-1	-1	-1	-1	-1	-1	-1	-1	-1
164	164	164	164	164	164	164	164	164	164	164	275	-1	-1	-1	-1	-1	-1	-1	-1	-1	-1	-1	-1	-1	-1	-1	-1	-1	-1
0	818	818	818	818	818	818	818	818	818	174	679	116	788	788	-1	-1	-1	-1	-1	-1	-1	-1	-1	-1	-1	-1	-1	-1	-1
731	1064	1063	1061	1065	1065	1065	-1	-1	-1	-1	-1	-1	-1	-1	-1	-1	-1	-1	-1	-1	-1	-1	-1	-1	-1	-1	-1	-1	-1
316	746	776	602	551	459	-1	-1	-1	-1	-1	-1	-1	-1	-1	-1	-1	-1	-1	-1	-1	-1	-1	-1	-1	-1	-1	-1	-1	-1
679	824	679	683	682	679	-1	-1	-1	-1	-1	-1	-1	-1	-1	-1	-1	-1	-1	-1	-1	-1	-1	-1	-1	-1	-1	-1	-1	-1
515	761	526	465	536	465	1053	296	338	418	-1	-1	-1	-1	-1	-1	-1	-1	-1	-1	-1	-1	-1	-1	-1	-1	-1	-1	-1	-1
536	526	399	515	761	296	399	1053	465	526	399	536	320	314	-1	-1	-1	-1	-1	-1	-1	-1	-1	-1	-1	-1	-1	-1	-1	-1
198	818	818	818	818	818	198	818	818	198	818	818	198	-1	-1	-1	-1	-1	-1	-1	-1	-1	-1	-1	-1	-1	-1	-1	-1	-1
818	0	818	818	818	818	818	818	818	818	818	818	818	818	818	818	-1	-1	-1	-1	-1	-1	-1	-1	-1	-1	-1	-1	-1	-1
0	788	0	788	0	788	0	788	0	788	0	788	0	788	0	788	-1	-1	-1	-1	-1	-1	-1	-1	-1	-1	-1	-1	-1	-1
708	708	708	708	708	708	708	-1	-1	-1	-1	-1	-1	-1	-1	-1	-1	-1	-1	-1	-1	-1	-1	-1	-1	-1	-1	-1	-1	-1
169	169	818	818	818	818	818	818	169	818	818	818	-1	-1	-1	-1	-1	-1	-1	-1	-1	-1	-1	-1	-1	-1	-1	-1	-1	-1
818	818	788	818	788	818	788	818	788	818	788	-1	-1	-1	-1	-1	-1	-1	-1	-1	-1	-1	-1	-1	-1	-1	-1	-1	-1	-1
0	818	984	984	984	984	984	984	984	984	984	818	0	-1	-1	-1	-1	-1	-1	-1	-1	-1	-1	-1	-1	-1	-1	-1	-1	-1
818	818	818	0	198	818	818	-1	-1	-1	-1	-1	-1	-1	-1	-1	-1	-1	-1	-1	-1	-1	-1	-1	-1	-1	-1	-1	-1	-1
0	0	0	0	0	0	-1	-1	-1	-1	-1	-1	-1	-1	-1	-1	-1	-1	-1	-1	-1	-1	-1	-1	-1	-1	-1	-1	-1	-1
818	818	818	818	818	818	818	818	818	818	818	818	818	818	818	818	818	818	818	818	818	818	818	818	818	818	818	818	-1	-1
690	339	399	296	761	338	-1	-1	-1	-1	-1	-1	-1	-1	-1	-1	-1	-1	-1	-1	-1	-1	-1	-1	-1	-1	-1	-1	-1	-1
473	338	473	690	761	515	515	589	761	515	765	-1	-1	-1	-1	-1	-1	-1	-1	-1	-1	-1	-1	-1	-1	-1	-1	-1	-1	-1
0	818	818	818	0	0	818	818	818	818	818	818	818	818	818	818	818	818	0	-1	-1	-1	-1	-1	-1	-1	-1	-1	-1	-1
819	819	0	818	981	981	981	818	981	818	981	819	819	0	818	934	934	-1	-1	-1	-1	-1	-1	-1	-1	-1	-1	-1	-1	-1
818	818	818	818	818	818	818	818	818	818	818	818	818	-1	-1	-1	-1	-1	-1	-1	-1	-1	-1	-1	-1	-1	-1	-1	-1	-1
173	157	174	165	173	173	157	664	683	173	157	174	165	173	157	173	-1	-1	-1	-1	-1	-1	-1	-1	-1	-1	-1	-1	-1	-1
0	818	818	818	818	818	818	818	818	818	485	750	632	1064	1063	1063	1063	1066	1061	1061	1065	1065	1065	1065	1065	1065	485	750	-1	-1
708	708	708	708	708	708	708	708	708	-1	-1	-1	-1	-1	-1	-1	-1	-1	-1	-1	-1	-1	-1	-1	-1	-1	-1	-1	-1	-1
732	1064	1063	1066	1065	1065	1065	1065	1065	1065	1065	1065	1065	1065	1065	1065	1065	1065	1065	1065	1065	1065	1065	1065	1065	-1	-1	-1	-1	-1
0	773	624	0	773	624	0	773	624	0	773	624	-1	-1	-1	-1	-1	-1	-1	-1	-1	-1	-1	-1	-1	-1	-1	-1	-1	-1
0	222	213	211	282	237	818	237	1115	1114	286	-1	-1	-1	-1	-1	-1	-1	-1	-1	-1	-1	-1	-1	-1	-1	-1	-1	-1	-1
0	818	826	826	818	826	-1	-1	-1	-1	-1	-1	-1	-1	-1	-1	-1	-1	-1	-1	-1	-1	-1	-1	-1	-1	-1	-1	-1	-1
818	818	818	818	818	818	-1	-1	-1	-1	-1	-1	-1	-1	-1	-1	-1	-1	-1	-1	-1	-1	-1	-1	-1	-1	-1	-1	-1	-1
818	679	824	222	223	818	818	818	818	818	50	818	102	818	818	818	818	21	91	62	108	818	818	59	107	0	818	818	826	-1
0	818	818	818	818	818	818	818	-1	-1	-1	-1	-1	-1	-1	-1	-1	-1	-1	-1	-1	-1	-1	-1	-1	-1	-1	-1	-1	-1
818	818	818	818	818	818	818	818	818	222	281	818	821	818	-1	-1	-1	-1	-1	-1	-1	-1	-1	-1	-1	-1	-1	-1	-1	-1
708	708	708	708	708	708	708	708	708	-1	-1	-1	-1	-1	-1	-1	-1	-1	-1	-1	-1	-1	-1	-1	-1	-1	-1	-1	-1	-1
818	818	788	818	788	818	788	818	788	818	788	818	788	788	818	818	788	-1	-1	-1	-1	-1	-1	-1	-1	-1	-1	-1	-1	-1
0	222	818	818	818	222	-1	-1	-1	-1	-1	-1	-1	-1	-1	-1	-1	-1	-1	-1	-1	-1	-1	-1	-1	-1	-1	-1	-1	-1
821	818	818	821	821	821	818	821	818	-1	-1	-1	-1	-1	-1	-1	-1	-1	-1	-1	-1	-1	-1	-1	-1	-1	-1	-1	-1	-1
0	191	818	818	818	818	-1	-1	-1	-1	-1	-1	-1	-1	-1	-1	-1	-1	-1	-1	-1	-1	-1	-1	-1	-1	-1	-1	-1	-1
234	818	234	232	234	232	232	234	232	-1	-1	-1	-1	-1	-1	-1	-1	-1	-1	-1	-1	-1	-1	-1	-1	-1	-1	-1	-1	-1
0	818	818	818	818	818	818	818	818	818	818	818	818	818	818	818	818	818	818	818	818	818	-1	-1	-1	-1	-1	-1	-1	-1
679	818	679	818	818	818	818	818	818	818	818	0	-1	-1	-1	-1	-1	-1	-1	-1	-1	-1	-1	-1	-1	-1	-1	-1	-1	-1
0	0	824	818	824	824	0	818	818	818	-1	-1	-1	-1	-1	-1	-1	-1	-1	-1	-1	-1	-1	-1	-1	-1	-1	-1	-1	-1
0	818	826	826	826	826	-1	-1	-1	-1	-1	-1	-1	-1	-1	-1	-1	-1	-1	-1	-1	-1	-1	-1	-1	-1	-1	-1	-1	-1
519	1064	1063	1061	1065	1065	1065	1065	1065	1065	1065	1065	1065	1065	1065	1065	1065	1065	1065	1065	1065	1065	1065	1065	1065	1065	818	818	818	-1
445	679	824	1011	818	824	818	-1	-1	-1	-1	-1	-1	-1	-1	-1	-1	-1	-1	-1	-1	-1	-1	-1	-1	-1	-1	-1	-1	-1
708	708	818	708	708	708	708	-1	-1	-1	-1	-1	-1	-1	-1	-1	-1	-1	-1	-1	-1	-1	-1	-1	-1	-1	-1	-1	-1	-1
0	191	679	799	818	818	9	86	86	86	818	818	818	818	818	818	818	826	826	-1	-1	-1	-1	-1	-1	-1	-1	-1	-1	-1
0	818	818	818	818	818	818	818	818	0	818	818	818	818	-1	-1	-1	-1	-1	-1	-1	-1	-1	-1	-1	-1	-1	-1	-1	-1
0	818	818	818	818	818	818	818	818	818	818	818	818	818	0	818	818	818	970	970	818	0	818	818	818	198	-1	-1	-1	-1
818	818	818	818	907	827	-1	-1	-1	-1	-1	-1	-1	-1	-1	-1	-1	-1	-1	-1	-1	-1	-1	-1	-1	-1	-1	-1	-1	-1
0	0	0	818	818	818	818	818	818	818	818	818	818	818	0	0	-1	-1	-1	-1	-1	-1	-1	-1	-1	-1	-1	-1	-1	-1
234	234	234	234	234	234	234	234	234	-1	-1	-1	-1	-1	-1	-1	-1	-1	-1	-1	-1	-1	-1	-1	-1	-1	-1	-1	-1	-1
0	788	0	788	0	788	0	788	0	788	0	788	0	788	788	-1	-1	-1	-1	-1	-1	-1	-1	-1	-1	-1	-1	-1	-1	-1
0	818	818	826	826	826	826	826	826	826	826	826	826	826	826	679	-1	-1	-1	-1	-1	-1	-1	-1	-1	-1	-1	-1	-1	-1
0	818	818	679	1077	818	818	818	818	824	818	818	818	818	859	827	-1	-1	-1	-1	-1	-1	-1	-1	-1	-1	-1	-1	-1	-1
679	799	198	679	679	799	198	679	679	799	-1	-1	-1	-1	-1	-1	-1	-1	-1	-1	-1	-1	-1	-1	-1	-1	-1	-1	-1	-1
818	0	818	818	818	818	818	818	818	889	818	876	818	972	818	818	818	818	818	-1	-1	-1	-1	-1	-1	-1	-1	-1	-1	-1
174	165	174	165	173	157	174	165	174	165	-1	-1	-1	-1	-1	-1	-1	-1	-1	-1	-1	-1	-1	-1	-1	-1	-1	-1	-1	-1
0	818	826	826	818	826	-1	-1	-1	-1	-1	-1	-1	-1	-1	-1	-1	-1	-1	-1	-1	-1	-1	-1	-1	-1	-1	-1	-1	-1
0	0	818	850	850	850	818	0	-1	-1	-1	-1	-1	-1	-1	-1	-1	-1	-1	-1	-1	-1	-1	-1	-1	-1	-1	-1	-1	-1
695	697	695	695	696	695	526	-1	-1	-1	-1	-1	-1	-1	-1	-1	-1	-1	-1	-1	-1	-1	-1	-1	-1	-1	-1	-1	-1	-1
818	818	818	818	818	818	-1	-1	-1	-1	-1	-1	-1	-1	-1	-1	-1	-1	-1	-1	-1	-1	-1	-1	-1	-1	-1	-1	-1	-1
452	453	293	624	459	460	453	453	453	453	453	453	453	624	-1	-1	-1	-1	-1	-1	-1	-1	-1	-1	-1	-1	-1	-1	-1	-1
0	824	0	385	385	116	116	403	116	122	116	-1	-1	-1	-1	-1	-1	-1	-1	-1	-1	-1	-1	-1	-1	-1	-1	-1	-1	-1
1053	1053	1053	1053	1053	1053	1053	1053	1053	-1	-1	-1	-1	-1	-1	-1	-1	-1	-1	-1	-1	-1	-1	-1	-1	-1	-1	-1	-1	-1
432	340	746	752	768	596	569	452	385	699	-1	-1	-1	-1	-1	-1	-1	-1	-1	-1	-1	-1	-1	-1	-1	-1	-1	-1	-1	-1
0	0	0	0	0	0	0	0	0	0	0	0	0	0	-1	-1	-1	-1	-1	-1	-1	-1	-1	-1	-1	-1	-1	-1	-1	-1
818	818	818	818	818	818	818	818	0	-1	-1	-1	-1	-1	-1	-1	-1	-1	-1	-1	-1	-1	-1	-1	-1	-1	-1	-1	-1	-1
0	788	0	788	818	818	818	0	818	788	0	818	0	818	-1	-1	-1	-1	-1	-1	-1	-1	-1	-1	-1	-1	-1	-1	-1	-1
0	818	0	818	0	788	788	818	818	818	818	818	818	818	818	-1	-1	-1	-1	-1	-1	-1	-1	-1	-1	-1	-1	-1	-1	-1
0	0	0	818	818	818	818	-1	-1	-1	-1	-1	-1	-1	-1	-1	-1	-1	-1	-1	-1	-1	-1	-1	-1	-1	-1	-1	-1	-1
192	184	795	808	799	232	194	192	184	795	808	799	232	194	235	209	240	-1	-1	-1	-1	-1	-1	-1	-1	-1	-1	-1	-1	-1
0	191	818	824	818	818	818	818	818	818	942	818	818	818	818	818	818	818	818	818	818	818	-1	-1	-1	-1	-1	-1	-1	-1
169	170	169	170	614	345	169	170	-1	-1	-1	-1	-1	-1	-1	-1	-1	-1	-1	-1	-1	-1	-1	-1	-1	-1	-1	-1	-1	-1
198	286	289	818	826	826	826	826	826	826	-1	-1	-1	-1	-1	-1	-1	-1	-1	-1	-1	-1	-1	-1	-1	-1	-1	-1	-1	-1
818	818	818	818	818	818	818	818	818	818	818	818	818	818	818	818	-1	-1	-1	-1	-1	-1	-1	-1	-1	-1	-1	-1	-1	-1
708	708	679	1123	0	799	198	679	708	234	235	0	234	198	275	232	679	0	799	679	198	708	708	679	1123	799	0	679	198	-1
192	222	285	286	116	184	222	818	222	818	222	825	825	825	825	825	-1	-1	-1	-1	-1	-1	-1	-1	-1	-1	-1	-1	-1	-1
818	1025	818	1025	818	1025	818	1025	818	1025	818	1025	-1	-1	-1	-1	-1	-1	-1	-1	-1	-1	-1	-1	-1	-1	-1	-1	-1	-1
708	708	708	708	708	708	708	708	708	708	-1	-1	-1	-1	-1	-1	-1	-1	-1	-1	-1	-1	-1	-1	-1	-1	-1	-1	-1	-1
818	818	826	826	826	826	826	826	826	-1	-1	-1	-1	-1	-1	-1	-1	-1	-1	-1	-1	-1	-1	-1	-1	-1	-1	-1	-1	-1
1123	235	708	275	234	232	0	198	-1	-1	-1	-1	-1	-1	-1	-1	-1	-1	-1	-1	-1	-1	-1	-1	-1	-1	-1	-1	-1	-1
0	818	826	826	826	788	-1	-1	-1	-1	-1	-1	-1	-1	-1	-1	-1	-1	-1	-1	-1	-1	-1	-1	-1	-1	-1	-1	-1	-1
1123	0	208	237	198	240	-1	-1	-1	-1	-1	-1	-1	-1	-1	-1	-1	-1	-1	-1	-1	-1	-1	-1	-1	-1	-1	-1	-1	-1
0	818	679	824	222	818	987	818	818	-1	-1	-1	-1	-1	-1	-1	-1	-1	-1	-1	-1	-1	-1	-1	-1	-1	-1	-1	-1	-1
0	818	818	967	967	967	818	-1	-1	-1	-1	-1	-1	-1	-1	-1	-1	-1	-1	-1	-1	-1	-1	-1	-1	-1	-1	-1	-1	-1
664	664	664	664	664	664	664	664	664	664	664	664	664	664	664	664	664	664	664	664	-1	-1	-1	-1	-1	-1	-1	-1	-1	-1
140	142	140	143	140	173	234	234	234	232	234	232	-1	-1	-1	-1	-1	-1	-1	-1	-1	-1	-1	-1	-1	-1	-1	-1	-1	-1
0	818	979	979	979	979	979	818	0	818	995	818	995	818	818	818	818	818	818	818	-1	-1	-1	-1	-1	-1	-1	-1	-1	-1
0	818	818	818	788	0	818	788	-1	-1	-1	-1	-1	-1	-1	-1	-1	-1	-1	-1	-1	-1	-1	-1	-1	-1	-1	-1	-1	-1
0	818	818	818	818	818	818	818	818	818	818	818	818	818	818	818	818	818	818	818	818	818	-1	-1	-1	-1	-1	-1	-1	-1
1123	208	209	708	208	240	275	0	198	237	234	797	191	679	1123	708	797	191	-1	-1	-1	-1	-1	-1	-1	-1	-1	-1	-1	-1
679	116	184	679	1077	818	818	818	818	818	818	818	818	818	818	818	818	818	818	818	818	826	-1	-1	-1	-1	-1	-1	-1	-1
179	1123	708	0	152	122	179	128	173	175	173	812	157	0	128	-1	-1	-1	-1	-1	-1	-1	-1	-1	-1	-1	-1	-1	-1	-1
1123	679	708	198	0	799	679	-1	-1	-1	-1	-1	-1	-1	-1	-1	-1	-1	-1	-1	-1	-1	-1	-1	-1	-1	-1	-1	-1	-1
114	708	0	0	0	0	0	0	0	0	0	826	0	824	0	826	0	826	0	-1	-1	-1	-1	-1	-1	-1	-1	-1	-1	-1
0	191	824	1011	818	1011	824	818	679	799	1105	1077	818	-1	-1	-1	-1	-1	-1	-1	-1	-1	-1	-1	-1	-1	-1	-1	-1	-1
0	191	818	818	818	0	191	227	221	-1	-1	-1	-1	-1	-1	-1	-1	-1	-1	-1	-1	-1	-1	-1	-1	-1	-1	-1	-1	-1
280	151	198	679	277	236	219	194	116	788	116	280	219	277	198	-1	-1	-1	-1	-1	-1	-1	-1	-1	-1	-1	-1	-1	-1	-1
818	818	664	664	818	818	-1	-1	-1	-1	-1	-1	-1	-1	-1	-1	-1	-1	-1	-1	-1	-1	-1	-1	-1	-1	-1	-1	-1	-1
699	633	1064	1063	1063	1063	1061	1061	1061	1061	699	699	0	282	237	1116	-1	-1	-1	-1	-1	-1	-1	-1	-1	-1	-1	-1	-1	-1
173	1123	175	173	708	0	128	812	157	-1	-1	-1	-1	-1	-1	-1	-1	-1	-1	-1	-1	-1	-1	-1	-1	-1	-1	-1	-1	-1
797	191	184	116	197	680	807	204	-1	-1	-1	-1	-1	-1	-1	-1	-1	-1	-1	-1	-1	-1	-1	-1	-1	-1	-1	-1	-1	-1
818	679	679	679	679	1077	1077	818	818	-1	-1	-1	-1	-1	-1	-1	-1	-1	-1	-1	-1	-1	-1	-1	-1	-1	-1	-1	-1	-1
821	818	818	0	818	818	818	873	818	968	968	968	818	821	821	818	-1	-1	-1	-1	-1	-1	-1	-1	-1	-1	-1	-1	-1	-1
0	191	818	818	818	818	0	818	818	818	-1	-1	-1	-1	-1	-1	-1	-1	-1	-1	-1	-1	-1	-1	-1	-1	-1	-1	-1	-1
793	818	824	1011	818	1011	824	1011	818	-1	-1	-1	-1	-1	-1	-1	-1	-1	-1	-1	-1	-1	-1	-1	-1	-1	-1	-1	-1	-1
827	818	818	818	818	818	818	818	818	818	818	818	818	-1	-1	-1	-1	-1	-1	-1	-1	-1	-1	-1	-1	-1	-1	-1	-1	-1
1054	0	1054	0	1054	0	1054	0	1054	0	-1	-1	-1	-1	-1	-1	-1	-1	-1	-1	-1	-1	-1	-1	-1	-1	-1	-1	-1	-1
1055	1054	1055	1054	1055	1054	1055	1054	1055	1054	-1	-1	-1	-1	-1	-1	-1	-1	-1	-1	-1	-1	-1	-1	-1	-1	-1	-1	-1	-1
679	682	682	0	818	0	-1	-1	-1	-1	-1	-1	-1	-1	-1	-1	-1	-1	-1	-1	-1	-1	-1	-1	-1	-1	-1	-1	-1	-1
0	818	818	0	818	828	828	-1	-1	-1	-1	-1	-1	-1	-1	-1	-1	-1	-1	-1	-1	-1	-1	-1	-1	-1	-1	-1	-1	-1
679	1123	708	198	0	679	799	682	714	683	682	679	679	0	198	799	-1	-1	-1	-1	-1	-1	-1	-1	-1	-1	-1	-1	-1	-1
708	708	708	708	708	708	708	-1	-1	-1	-1	-1	-1	-1	-1	-1	-1	-1	-1	-1	-1	-1	-1	-1	-1	-1	-1	-1	-1	-1
679	679	799	0	198	799	-1	-1	-1	-1	-1	-1	-1	-1	-1	-1	-1	-1	-1	-1	-1	-1	-1	-1	-1	-1	-1	-1	-1	-1
169	170	170	168	824	170	168	169	170	170	168	168	289	170	168	-1	-1	-1	-1	-1	-1	-1	-1	-1	-1	-1	-1	-1	-1	-1
0	818	0	818	818	818	-1	-1	-1	-1	-1	-1	-1	-1	-1	-1	-1	-1	-1	-1	-1	-1	-1	-1	-1	-1	-1	-1	-1	-1
679	799	679	799	682	714	-1	-1	-1	-1	-1	-1	-1	-1	-1	-1	-1	-1	-1	-1	-1	-1	-1	-1	-1	-1	-1	-1	-1	-1
679	680	682	824	679	679	-1	-1	-1	-1	-1	-1	-1	-1	-1	-1	-1	-1	-1	-1	-1	-1	-1	-1	-1	-1	-1	-1	-1	-1
679	824	679	679	679	682	679	679	-1	-1	-1	-1	-1	-1	-1	-1	-1	-1	-1	-1	-1	-1	-1	-1	-1	-1	-1	-1	-1	-1
0	818	818	818	818	826	826	972	972	972	709	-1	-1	-1	-1	-1	-1	-1	-1	-1	-1	-1	-1	-1	-1	-1	-1	-1	-1	-1
116	1123	709	708	116	788	0	788	-1	-1	-1	-1	-1	-1	-1	-1	-1	-1	-1	-1	-1	-1	-1	-1	-1	-1	-1	-1	-1	-1
0	824	679	818	885	885	-1	-1	-1	-1	-1	-1	-1	-1	-1	-1	-1	-1	-1	-1	-1	-1	-1	-1	-1	-1	-1	-1	-1	-1
1123	708	400	399	465	724	0	-1	-1	-1	-1	-1	-1	-1	-1	-1	-1	-1	-1	-1	-1	-1	-1	-1	-1	-1	-1	-1	-1	-1
736	1063	1061	1065	1065	1065	1065	818	818	818	-1	-1	-1	-1	-1	-1	-1	-1	-1	-1	-1	-1	-1	-1	-1	-1	-1	-1	-1	-1
818	818	818	818	818	818	818	-1	-1	-1	-1	-1	-1	-1	-1	-1	-1	-1	-1	-1	-1	-1	-1	-1	-1	-1	-1	-1	-1	-1
818	818	818	818	818	818	818	818	818	818	0	818	818	818	818	818	818	-1	-1	-1	-1	-1	-1	-1	-1	-1	-1	-1	-1	-1
0	664	0	0	0	788	664	0	-1	-1	-1	-1	-1	-1	-1	-1	-1	-1	-1	-1	-1	-1	-1	-1	-1	-1	-1	-1	-1	-1
818	818	1075	222	818	1075	818	818	818	818	788	818	818	818	818	-1	-1	-1	-1	-1	-1	-1	-1	-1	-1	-1	-1	-1	-1	-1
0	825	825	818	937	937	818	818	818	818	818	818	818	818	818	818	818	818	818	818	818	818	818	818	825	825	818	818	-1	-1
736	1064	1063	1061	1065	1065	1065	1065	1065	1065	1065	1065	1065	1065	-1	-1	-1	-1	-1	-1	-1	-1	-1	-1	-1	-1	-1	-1	-1	-1
114	0	797	191	0	0	0	0	191	797	0	-1	-1	-1	-1	-1	-1	-1	-1	-1	-1	-1	-1	-1	-1	-1	-1	-1	-1	-1
708	708	708	708	708	708	708	708	-1	-1	-1	-1	-1	-1	-1	-1	-1	-1	-1	-1	-1	-1	-1	-1	-1	-1	-1	-1	-1	-1
821	0	821	0	821	0	818	0	0	0	0	0	0	818	0	0	0	0	953	0	0	-1	-1	-1	-1	-1	-1	-1	-1	-1
519	1064	1063	1061	1065	1065	1065	-1	-1	-1	-1	-1	-1	-1	-1	-1	-1	-1	-1	-1	-1	-1	-1	-1	-1	-1	-1	-1	-1	-1
0	818	818	818	818	818	826	826	826	826	818	818	818	818	826	826	826	826	826	826	-1	-1	-1	-1	-1	-1	-1	-1	-1	-1
0	818	818	818	818	818	818	818	818	818	818	818	818	818	818	-1	-1	-1	-1	-1	-1	-1	-1	-1	-1	-1	-1	-1	-1	-1
679	679	682	679	818	877	818	856	856	856	818	826	-1	-1	-1	-1	-1	-1	-1	-1	-1	-1	-1	-1	-1	-1	-1	-1	-1	-1
708	0	198	799	679	797	184	204	197	680	191	116	807	-1	-1	-1	-1	-1	-1	-1	-1	-1	-1	-1	-1	-1	-1	-1	-1	-1
0	200	0	818	679	200	200	-1	-1	-1	-1	-1	-1	-1	-1	-1	-1	-1	-1	-1	-1	-1	-1	-1	-1	-1	-1	-1	-1	-1
0	191	222	671	818	1032	116	788	679	799	-1	-1	-1	-1	-1	-1	-1	-1	-1	-1	-1	-1	-1	-1	-1	-1	-1	-1	-1	-1
271	1080	1081	1103	1080	1082	1104	1082	1079	-1	-1	-1	-1	-1	-1	-1	-1	-1	-1	-1	-1	-1	-1	-1	-1	-1	-1	-1	-1	-1
0	1123	708	191	797	0	818	114	818	818	-1	-1	-1	-1	-1	-1	-1	-1	-1	-1	-1	-1	-1	-1	-1	-1	-1	-1	-1	-1
708	708	679	1123	198	799	0	679	708	708	708	679	0	679	799	198	-1	-1	-1	-1	-1	-1	-1	-1	-1	-1	-1	-1	-1	-1
0	191	818	664	683	0	191	818	822	293	664	683	676	791	665	664	676	791	-1	-1	-1	-1	-1	-1	-1	-1	-1	-1	-1	-1
237	1114	818	818	818	937	937	818	818	818	818	818	818	818	818	818	818	818	826	818	230	213	215	214	-1	-1	-1	-1	-1	-1
818	908	908	908	818	485	485	-1	-1	-1	-1	-1	-1	-1	-1	-1	-1	-1	-1	-1	-1	-1	-1	-1	-1	-1	-1	-1	-1	-1
438	328	632	1064	1063	1063	1063	1066	1061	1061	1065	1065	1065	679	1065	1065	799	-1	-1	-1	-1	-1	-1	-1	-1	-1	-1	-1	-1	-1
1123	708	198	799	0	679	-1	-1	-1	-1	-1	-1	-1	-1	-1	-1	-1	-1	-1	-1	-1	-1	-1	-1	-1	-1	-1	-1	-1	-1
679	1123	0	799	800	198	797	191	708	679	818	-1	-1	-1	-1	-1	-1	-1	-1	-1	-1	-1	-1	-1	-1	-1	-1	-1	-1	-1
0	818	826	826	826	826	826	826	826	818	818	818	818	818	818	818	818	818	818	818	818	818	818	-1	-1	-1	-1	-1	-1	-1
0	198	179	0	275	198	198	-1	-1	-1	-1	-1	-1	-1	-1	-1	-1	-1	-1	-1	-1	-1	-1	-1	-1	-1	-1	-1	-1	-1
708	708	708	708	708	708	-1	-1	-1	-1	-1	-1	-1	-1	-1	-1	-1	-1	-1	-1	-1	-1	-1	-1	-1	-1	-1	-1	-1	-1
0	191	664	683	664	664	664	664	664	664	664	-1	-1	-1	-1	-1	-1	-1	-1	-1	-1	-1	-1	-1	-1	-1	-1	-1	-1	-1
0	191	818	818	818	818	618	352	618	352	-1	-1	-1	-1	-1	-1	-1	-1	-1	-1	-1	-1	-1	-1	-1	-1	-1	-1	-1	-1
1123	679	708	679	0	198	799	-1	-1	-1	-1	-1	-1	-1	-1	-1	-1	-1	-1	-1	-1	-1	-1	-1	-1	-1	-1	-1	-1	-1
0	824	818	818	874	827	0	0	0	0	0	0	821	821	0	0	0	-1	-1	-1	-1	-1	-1	-1	-1	-1	-1	-1	-1	-1
788	665	0	191	788	788	665	788	665	0	191	-1	-1	-1	-1	-1	-1	-1	-1	-1	-1	-1	-1	-1	-1	-1	-1	-1	-1	-1
169	167	679	116	222	116	117	128	167	-1	-1	-1	-1	-1	-1	-1	-1	-1	-1	-1	-1	-1	-1	-1	-1	-1	-1	-1	-1	-1
0	818	818	818	818	818	222	223	818	818	-1	-1	-1	-1	-1	-1	-1	-1	-1	-1	-1	-1	-1	-1	-1	-1	-1	-1	-1	-1
237	208	270	183	128	237	208	797	191	198	209	270	679	282	797	183	191	269	798	128	181	795	192	808	184	197	198	275	116	-1
198	198	198	116	180	128	171	128	180	198	-1	-1	-1	-1	-1	-1	-1	-1	-1	-1	-1	-1	-1	-1	-1	-1	-1	-1	-1	-1
198	240	246	198	198	285	199	-1	-1	-1	-1	-1	-1	-1	-1	-1	-1	-1	-1	-1	-1	-1	-1	-1	-1	-1	-1	-1	-1	-1
679	824	824	679	682	679	683	682	-1	-1	-1	-1	-1	-1	-1	-1	-1	-1	-1	-1	-1	-1	-1	-1	-1	-1	-1	-1	-1	-1
0	818	799	818	799	818	799	0	809	-1	-1	-1	-1	-1	-1	-1	-1	-1	-1	-1	-1	-1	-1	-1	-1	-1	-1	-1	-1	-1
788	788	788	788	788	788	788	788	-1	-1	-1	-1	-1	-1	-1	-1	-1	-1	-1	-1	-1	-1	-1	-1	-1	-1	-1	-1	-1	-1
198	226	222	818	222	818	222	223	222	818	818	818	818	818	818	818	818	818	818	818	818	818	818	818	818	-1	-1	-1	-1	-1
0	818	818	0	818	818	818	818	818	826	-1	-1	-1	-1	-1	-1	-1	-1	-1	-1	-1	-1	-1	-1	-1	-1	-1	-1	-1	-1
116	818	116	818	679	818	-1	-1	-1	-1	-1	-1	-1	-1	-1	-1	-1	-1	-1	-1	-1	-1	-1	-1	-1	-1	-1	-1	-1	-1
679	799	682	714	679	799	-1	-1	-1	-1	-1	-1	-1	-1	-1	-1	-1	-1	-1	-1	-1	-1	-1	-1	-1	-1	-1	-1	-1	-1
0	818	818	818	818	818	818	818	818	818	818	818	818	818	818	818	818	818	818	-1	-1	-1	-1	-1	-1	-1	-1	-1	-1	-1
679	682	679	0	722	824	679	680	682	-1	-1	-1	-1	-1	-1	-1	-1	-1	-1	-1	-1	-1	-1	-1	-1	-1	-1	-1	-1	-1
282	818	222	818	282	818	282	818	799	818	-1	-1	-1	-1	-1	-1	-1	-1	-1	-1	-1	-1	-1	-1	-1	-1	-1	-1	-1	-1
0	818	818	818	0	282	232	-1	-1	-1	-1	-1	-1	-1	-1	-1	-1	-1	-1	-1	-1	-1	-1	-1	-1	-1	-1	-1	-1	-1
818	818	818	818	818	818	-1	-1	-1	-1	-1	-1	-1	-1	-1	-1	-1	-1	-1	-1	-1	-1	-1	-1	-1	-1	-1	-1	-1	-1
0	818	818	818	818	818	-1	-1	-1	-1	-1	-1	-1	-1	-1	-1	-1	-1	-1	-1	-1	-1	-1	-1	-1	-1	-1	-1	-1	-1
0	818	818	818	818	818	818	911	818	818	0	0	818	818	818	818	818	818	989	818	818	818	-1	-1	-1	-1	-1	-1	-1	-1
595	608	576	797	191	726	424	-1	-1	-1	-1	-1	-1	-1	-1	-1	-1	-1	-1	-1	-1	-1	-1	-1	-1	-1	-1	-1	-1	-1
0	679	222	679	0	0	0	818	0	824	198	824	0	0	-1	-1	-1	-1	-1	-1	-1	-1	-1	-1	-1	-1	-1	-1	-1	-1
0	818	826	923	820	821	-1	-1	-1	-1	-1	-1	-1	-1	-1	-1	-1	-1	-1	-1	-1	-1	-1	-1	-1	-1	-1	-1	-1	-1
0	0	818	818	818	818	818	818	818	0	0	818	818	818	818	818	818	818	0	0	818	191	818	818	0	0	-1	-1	-1	-1
818	818	818	0	0	0	824	818	818	818	818	818	824	0	198	240	198	0	198	237	1115	1114	237	818	818	1044	-1	-1	-1	-1
508	509	509	508	630	626	635	637	639	628	641	643	624	649	650	653	620	622	655	645	647	708	-1	-1	-1	-1	-1	-1	-1	-1
818	818	818	818	818	818	818	818	818	818	818	818	826	826	818	826	818	818	818	818	818	0	818	818	1045	818	824	818	818	-1
0	191	818	818	818	818	818	818	818	818	818	818	818	818	818	818	818	818	818	818	818	818	818	818	818	818	818	818	818	-1
116	180	117	116	116	116	116	824	222	818	116	128	171	128	818	116	824	116	222	-1	-1	-1	-1	-1	-1	-1	-1	-1	-1	-1
818	818	818	818	818	818	818	-1	-1	-1	-1	-1	-1	-1	-1	-1	-1	-1	-1	-1	-1	-1	-1	-1	-1	-1	-1	-1	-1	-1
819	819	819	0	818	818	818	818	908	818	908	827	819	819	0	818	836	827	827	827	827	827	819	819	0	-1	-1	-1	-1	-1
286	288	824	818	818	826	826	826	826	826	818	818	286	824	288	-1	-1	-1	-1	-1	-1	-1	-1	-1	-1	-1	-1	-1	-1	-1
818	818	818	818	818	818	818	818	-1	-1	-1	-1	-1	-1	-1	-1	-1	-1	-1	-1	-1	-1	-1	-1	-1	-1	-1	-1	-1	-1
0	191	679	799	818	818	818	935	935	935	818	818	818	818	826	826	826	826	826	826	826	826	826	826	826	826	826	826	-1	-1
222	818	826	826	818	826	1031	1031	822	1031	-1	-1	-1	-1	-1	-1	-1	-1	-1	-1	-1	-1	-1	-1	-1	-1	-1	-1	-1	-1
0	818	915	915	709	679	818	818	818	818	818	-1	-1	-1	-1	-1	-1	-1	-1	-1	-1	-1	-1	-1	-1	-1	-1	-1	-1	-1
0	797	191	0	795	808	192	788	788	116	665	709	664	184	-1	-1	-1	-1	-1	-1	-1	-1	-1	-1	-1	-1	-1	-1	-1	-1
818	818	18	818	818	18	818	818	818	818	818	818	818	818	818	818	818	-1	-1	-1	-1	-1	-1	-1	-1	-1	-1	-1	-1	-1
818	818	818	818	818	865	865	865	818	818	818	818	818	818	818	818	818	818	818	679	-1	-1	-1	-1	-1	-1	-1	-1	-1	-1
608	609	609	608	630	626	635	637	639	628	641	643	624	649	650	653	620	622	655	645	647	708	818	818	-1	-1	-1	-1	-1	-1
818	818	818	818	818	818	788	-1	-1	-1	-1	-1	-1	-1	-1	-1	-1	-1	-1	-1	-1	-1	-1	-1	-1	-1	-1	-1	-1	-1
679	799	679	799	682	714	679	-1	-1	-1	-1	-1	-1	-1	-1	-1	-1	-1	-1	-1	-1	-1	-1	-1	-1	-1	-1	-1	-1	-1
0	818	818	818	818	829	818	818	818	818	818	818	818	1028	818	818	818	-1	-1	-1	-1	-1	-1	-1	-1	-1	-1	-1	-1	-1
237	1115	1114	0	818	826	-1	-1	-1	-1	-1	-1	-1	-1	-1	-1	-1	-1	-1	-1	-1	-1	-1	-1	-1	-1	-1	-1	-1	-1
198	818	824	818	818	9	32	45	0	818	818	818	818	818	818	818	818	818	818	0	-1	-1	-1	-1	-1	-1	-1	-1	-1	-1
679	682	679	679	818	1023	818	818	818	818	679	-1	-1	-1	-1	-1	-1	-1	-1	-1	-1	-1	-1	-1	-1	-1	-1	-1	-1	-1
0	818	818	222	824	198	293	818	818	0	818	818	818	818	818	-1	-1	-1	-1	-1	-1	-1	-1	-1	-1	-1	-1	-1	-1	-1
0	818	788	0	788	0	818	788	0	818	788	-1	-1	-1	-1	-1	-1	-1	-1	-1	-1	-1	-1	-1	-1	-1	-1	-1	-1	-1
0	818	818	818	867	867	818	679	867	867	0	818	873	818	-1	-1	-1	-1	-1	-1	-1	-1	-1	-1	-1	-1	-1	-1	-1	-1
0	818	818	818	818	818	-1	-1	-1	-1	-1	-1	-1	-1	-1	-1	-1	-1	-1	-1	-1	-1	-1	-1	-1	-1	-1	-1	-1	-1
0	818	818	818	818	818	818	818	818	818	818	222	679	818	818	818	818	818	818	818	818	818	818	-1	-1	-1	-1	-1	-1	-1
818	818	818	818	818	0	818	818	818	818	818	818	818	818	-1	-1	-1	-1	-1	-1	-1	-1	-1	-1	-1	-1	-1	-1	-1	-1
679	679	0	679	682	683	682	-1	-1	-1	-1	-1	-1	-1	-1	-1	-1	-1	-1	-1	-1	-1	-1	-1	-1	-1	-1	-1	-1	-1
0	818	818	818	818	818	818	818	818	818	826	818	818	826	826	826	-1	-1	-1	-1	-1	-1	-1	-1	-1	-1	-1	-1	-1	-1
475	476	476	475	630	626	635	637	639	628	641	643	624	649	650	653	620	622	655	645	647	708	818	818	-1	-1	-1	-1	-1	-1
116	169	824	169	168	170	168	169	117	119	117	120	184	197	196	191	-1	-1	-1	-1	-1	-1	-1	-1	-1	-1	-1	-1	-1	-1
473	473	690	473	690	473	690	473	-1	-1	-1	-1	-1	-1	-1	-1	-1	-1	-1	-1	-1	-1	-1	-1	-1	-1	-1	-1	-1	-1
539	540	540	539	630	626	635	637	639	628	641	643	624	649	650	653	620	622	655	645	647	708	818	818	-1	-1	-1	-1	-1	-1
679	799	679	799	682	714	682	714	-1	-1	-1	-1	-1	-1	-1	-1	-1	-1	-1	-1	-1	-1	-1	-1	-1	-1	-1	-1	-1	-1
434	435	435	434	630	626	635	637	639	628	641	643	624	649	650	653	620	622	655	645	647	708	818	818	-1	-1	-1	-1	-1	-1
586	587	587	586	630	626	635	637	639	628	641	643	624	649	650	653	620	622	655	645	647	708	818	818	-1	-1	-1	-1	-1	-1
606	607	607	606	630	626	635	637	639	628	641	643	624	649	650	653	620	622	655	645	647	708	818	818	-1	-1	-1	-1	-1	-1
578	579	579	578	630	626	635	637	639	628	641	643	624	649	650	653	620	622	655	645	647	708	818	818	-1	-1	-1	-1	-1	-1
554	555	555	554	630	626	635	637	639	628	641	643	624	649	-1	-1	-1	-1	-1	-1	-1	-1	-1	-1	-1	-1	-1	-1	-1	-1
649	650	653	620	622	655	645	647	708	818	818	650	653	620	622	655	645	647	708	818	818	-1	-1	-1	-1	-1	-1	-1	-1	-1
630	626	635	637	639	628	641	643	624	649	650	653	620	622	655	645	647	708	818	818	-1	-1	-1	-1	-1	-1	-1	-1	-1	-1
483	484	484	483	630	626	635	637	639	628	641	643	624	649	650	653	620	622	655	645	647	708	818	818	-1	-1	-1	-1	-1	-1
198	827	827	198	0	818	679	1079	709	116	222	664	788	822	819	200	293	1058	664	664	-1	-1	-1	-1	-1	-1	-1	-1	-1	-1
551	552	552	551	630	626	635	637	639	628	641	643	624	649	650	653	620	622	655	645	647	708	818	818	-1	-1	-1	-1	-1	-1
708	0	799	191	708	114	0	-1	-1	-1	-1	-1	-1	-1	-1	-1	-1	-1	-1	-1	-1	-1	-1	-1	-1	-1	-1	-1	-1	-1
716	717	717	716	630	626	635	637	639	628	641	643	624	649	650	653	620	622	655	645	647	708	818	-1	-1	-1	-1	-1	-1	-1
327	426	593	726	191	797	556	-1	-1	-1	-1	-1	-1	-1	-1	-1	-1	-1	-1	-1	-1	-1	-1	-1	-1	-1	-1	-1	-1	-1
694	693	630	626	635	637	-1	-1	-1	-1	-1	-1	-1	-1	-1	-1	-1	-1	-1	-1	-1	-1	-1	-1	-1	-1	-1	-1	-1	-1
628	641	643	624	649	650	653	620	622	655	645	647	708	818	818	-1	-1	-1	-1	-1	-1	-1	-1	-1	-1	-1	-1	-1	-1	-1
0	818	818	818	818	818	818	818	818	818	6	84	6	818	818	818	70	110	55	105	31	96	-1	-1	-1	-1	-1	-1	-1	-1
768	769	769	768	630	626	635	637	639	628	641	643	624	649	650	653	620	622	655	645	647	708	818	818	624	-1	-1	-1	-1	-1
679	799	818	818	818	818	818	826	826	826	826	826	826	826	826	887	827	827	116	788	-1	-1	-1	-1	-1	-1	-1	-1	-1	-1
0	818	826	826	826	826	826	826	826	958	826	824	0	-1	-1	-1	-1	-1	-1	-1	-1	-1	-1	-1	-1	-1	-1	-1	-1	-1
397	398	398	397	630	626	635	637	639	628	641	643	624	649	650	653	620	622	655	645	647	708	818	818	-1	-1	-1	-1	-1	-1
0	818	818	818	818	818	818	818	818	818	-1	-1	-1	-1	-1	-1	-1	-1	-1	-1	-1	-1	-1	-1	-1	-1	-1	-1	-1	-1
307	308	308	307	630	626	635	637	639	628	641	643	624	649	650	653	620	622	655	645	647	708	818	818	-1	-1	-1	-1	-1	-1
818	838	838	818	818	818	679	1077	818	851	818	818	818	-1	-1	-1	-1	-1	-1	-1	-1	-1	-1	-1	-1	-1	-1	-1	-1	-1
0	818	977	977	977	818	818	1035	1035	818	788	-1	-1	-1	-1	-1	-1	-1	-1	-1	-1	-1	-1	-1	-1	-1	-1	-1	-1	-1
0	0	0	0	0	0	-1	-1	-1	-1	-1	-1	-1	-1	-1	-1	-1	-1	-1	-1	-1	-1	-1	-1	-1	-1	-1	-1	-1	-1
0	818	818	0	818	0	818	818	818	0	818	664	0	818	0	818	821	821	-1	-1	-1	-1	-1	-1	-1	-1	-1	-1	-1	-1
708	708	708	708	708	708	708	708	-1	-1	-1	-1	-1	-1	-1	-1	-1	-1	-1	-1	-1	-1	-1	-1	-1	-1	-1	-1	-1	-1
1123	679	799	679	198	708	0	-1	-1	-1	-1	-1	-1	-1	-1	-1	-1	-1	-1	-1	-1	-1	-1	-1	-1	-1	-1	-1	-1	-1
679	799	679	198	0	799	679	679	799	0	198	799	679	799	679	799	-1	-1	-1	-1	-1	-1	-1	-1	-1	-1	-1	-1	-1	-1
800	818	191	797	797	818	191	818	-1	-1	-1	-1	-1	-1	-1	-1	-1	-1	-1	-1	-1	-1	-1	-1	-1	-1	-1	-1	-1	-1
686	505	534	532	586	1071	-1	-1	-1	-1	-1	-1	-1	-1	-1	-1	-1	-1	-1	-1	-1	-1	-1	-1	-1	-1	-1	-1	-1	-1
0	818	818	818	18	79	77	53	-1	-1	-1	-1	-1	-1	-1	-1	-1	-1	-1	-1	-1	-1	-1	-1	-1	-1	-1	-1	-1	-1
1092	145	664	683	0	191	-1	-1	-1	-1	-1	-1	-1	-1	-1	-1	-1	-1	-1	-1	-1	-1	-1	-1	-1	-1	-1	-1	-1	-1
679	799	679	679	679	679	799	-1	-1	-1	-1	-1	-1	-1	-1	-1	-1	-1	-1	-1	-1	-1	-1	-1	-1	-1	-1	-1	-1	-1
818	819	819	819	818	819	819	819	818	-1	-1	-1	-1	-1	-1	-1	-1	-1	-1	-1	-1	-1	-1	-1	-1	-1	-1	-1	-1	-1
818	818	818	818	0	818	818	818	818	818	818	818	818	818	0	818	818	818	818	818	66	818	818	818	818	-1	-1	-1	-1	-1
198	116	167	116	198	116	117	117	116	167	170	-1	-1	-1	-1	-1	-1	-1	-1	-1	-1	-1	-1	-1	-1	-1	-1	-1	-1	-1
372	372	371	630	626	635	637	639	628	641	643	624	649	650	653	620	622	655	645	647	708	818	818	696	-1	-1	-1	-1	-1	-1
237	1115	1115	1115	1115	1115	1115	237	237	-1	-1	-1	-1	-1	-1	-1	-1	-1	-1	-1	-1	-1	-1	-1	-1	-1	-1	-1	-1	-1
679	682	679	682	210	208	210	682	624	-1	-1	-1	-1	-1	-1	-1	-1	-1	-1	-1	-1	-1	-1	-1	-1	-1	-1	-1	-1	-1
664	819	819	819	819	664	819	819	819	819	664	819	819	819	819	-1	-1	-1	-1	-1	-1	-1	-1	-1	-1	-1	-1	-1	-1	-1
1123	681	0	1083	679	680	812	708	-1	-1	-1	-1	-1	-1	-1	-1	-1	-1	-1	-1	-1	-1	-1	-1	-1	-1	-1	-1	-1	-1
0	818	0	818	228	229	227	-1	-1	-1	-1	-1	-1	-1	-1	-1	-1	-1	-1	-1	-1	-1	-1	-1	-1	-1	-1	-1	-1	-1
237	1115	0	0	198	227	818	664	818	818	-1	-1	-1	-1	-1	-1	-1	-1	-1	-1	-1	-1	-1	-1	-1	-1	-1	-1	-1	-1
818	818	818	818	222	818	818	818	818	818	818	818	818	818	818	818	818	818	818	818	818	818	818	818	818	-1	-1	-1	-1	-1
664	819	819	819	819	664	819	819	819	819	664	819	819	819	819	-1	-1	-1	-1	-1	-1	-1	-1	-1	-1	-1	-1	-1	-1	-1
679	682	624	682	679	682	679	-1	-1	-1	-1	-1	-1	-1	-1	-1	-1	-1	-1	-1	-1	-1	-1	-1	-1	-1	-1	-1	-1	-1
0	679	818	818	818	818	0	818	818	818	963	822	826	0	818	818	818	818	818	818	-1	-1	-1	-1	-1	-1	-1	-1	-1	-1
679	1123	708	0	198	799	679	-1	-1	-1	-1	-1	-1	-1	-1	-1	-1	-1	-1	-1	-1	-1	-1	-1	-1	-1	-1	-1	-1	-1
679	682	818	826	679	683	-1	-1	-1	-1	-1	-1	-1	-1	-1	-1	-1	-1	-1	-1	-1	-1	-1	-1	-1	-1	-1	-1	-1	-1
222	818	944	944	944	818	222	222	223	222	818	999	818	976	976	976	818	222	223	0	818	0	818	-1	-1	-1	-1	-1	-1	-1
818	824	818	679	824	818	818	818	829	829	829	818	-1	-1	-1	-1	-1	-1	-1	-1	-1	-1	-1	-1	-1	-1	-1	-1	-1	-1
818	818	818	818	818	818	-1	-1	-1	-1	-1	-1	-1	-1	-1	-1	-1	-1	-1	-1	-1	-1	-1	-1	-1	-1	-1	-1	-1	-1
818	818	222	116	222	818	818	818	818	818	-1	-1	-1	-1	-1	-1	-1	-1	-1	-1	-1	-1	-1	-1	-1	-1	-1	-1	-1	-1
187	0	818	709	293	1079	679	116	664	198	788	1058	128	184	819	825	200	126	127	822	117	122	818	-1	-1	-1	-1	-1	-1	-1
572	569	818	818	818	911	911	911	818	818	-1	-1	-1	-1	-1	-1	-1	-1	-1	-1	-1	-1	-1	-1	-1	-1	-1	-1	-1	-1
1123	679	799	0	679	708	198	-1	-1	-1	-1	-1	-1	-1	-1	-1	-1	-1	-1	-1	-1	-1	-1	-1	-1	-1	-1	-1	-1	-1
1123	708	0	240	237	282	198	-1	-1	-1	-1	-1	-1	-1	-1	-1	-1	-1	-1	-1	-1	-1	-1	-1	-1	-1	-1	-1	-1	-1
0	824	818	818	818	818	818	818	818	818	824	0	824	0	0	-1	-1	-1	-1	-1	-1	-1	-1	-1	-1	-1	-1	-1	-1	-1
157	204	127	117	117	119	184	241	128	184	-1	-1	-1	-1	-1	-1	-1	-1	-1	-1	-1	-1	-1	-1	-1	-1	-1	-1	-1	-1
198	679	679	799	818	818	818	826	826	826	826	826	826	-1	-1	-1	-1	-1	-1	-1	-1	-1	-1	-1	-1	-1	-1	-1	-1	-1
818	818	818	818	818	818	818	818	818	818	818	818	222	818	818	818	818	-1	-1	-1	-1	-1	-1	-1	-1	-1	-1	-1	-1	-1
0	818	818	818	818	818	818	818	818	818	818	818	818	818	818	818	818	818	-1	-1	-1	-1	-1	-1	-1	-1	-1	-1	-1	-1
0	824	818	818	826	826	826	826	826	679	826	818	818	1045	827	-1	-1	-1	-1	-1	-1	-1	-1	-1	-1	-1	-1	-1	-1	-1
679	799	818	818	818	818	818	818	-1	-1	-1	-1	-1	-1	-1	-1	-1	-1	-1	-1	-1	-1	-1	-1	-1	-1	-1	-1	-1	-1
393	1123	708	0	393	604	724	605	354	191	521	355	726	797	520	-1	-1	-1	-1	-1	-1	-1	-1	-1	-1	-1	-1	-1	-1	-1
0	824	679	824	818	824	-1	-1	-1	-1	-1	-1	-1	-1	-1	-1	-1	-1	-1	-1	-1	-1	-1	-1	-1	-1	-1	-1	-1	-1
0	679	799	818	818	818	679	799	682	714	624	624	682	714	824	682	714	210	286	682	714	624	682	714	818	857	-1	-1	-1	-1
1123	708	799	0	679	198	-1	-1	-1	-1	-1	-1	-1	-1	-1	-1	-1	-1	-1	-1	-1	-1	-1	-1	-1	-1	-1	-1	-1	-1
818	679	222	818	826	848	848	848	848	818	826	826	826	826	826	826	826	826	826	826	826	826	826	826	826	-1	-1	-1	-1	-1
1052	222	818	818	818	818	-1	-1	-1	-1	-1	-1	-1	-1	-1	-1	-1	-1	-1	-1	-1	-1	-1	-1	-1	-1	-1	-1	-1	-1
0	818	826	826	826	818	-1	-1	-1	-1	-1	-1	-1	-1	-1	-1	-1	-1	-1	-1	-1	-1	-1	-1	-1	-1	-1	-1	-1	-1
481	482	482	481	630	626	635	637	639	628	641	643	624	649	650	653	620	622	655	645	647	708	818	818	-1	-1	-1	-1	-1	-1
708	708	708	708	708	708	708	708	-1	-1	-1	-1	-1	-1	-1	-1	-1	-1	-1	-1	-1	-1	-1	-1	-1	-1	-1	-1	-1	-1
405	406	406	405	630	626	635	637	639	628	641	643	624	649	650	653	620	622	655	645	647	708	818	818	-1	-1	-1	-1	-1	-1
464	568	198	679	237	1114	240	1115	-1	-1	-1	-1	-1	-1	-1	-1	-1	-1	-1	-1	-1	-1	-1	-1	-1	-1	-1	-1	-1	-1
641	643	624	649	650	653	620	622	655	645	647	708	818	818	-1	-1	-1	-1	-1	-1	-1	-1	-1	-1	-1	-1	-1	-1	-1	-1
788	788	788	788	788	788	788	788	-1	-1	-1	-1	-1	-1	-1	-1	-1	-1	-1	-1	-1	-1	-1	-1	-1	-1	-1	-1	-1	-1
380	381	381	380	630	626	635	637	639	628	641	643	624	649	650	653	620	622	655	645	647	708	818	818	-1	-1	-1	-1	-1	-1
818	36	76	42	3	3	818	-1	-1	-1	-1	-1	-1	-1	-1	-1	-1	-1	-1	-1	-1	-1	-1	-1	-1	-1	-1	-1	-1	-1
0	818	818	818	818	818	-1	-1	-1	-1	-1	-1	-1	-1	-1	-1	-1	-1	-1	-1	-1	-1	-1	-1	-1	-1	-1	-1	-1	-1
708	708	708	708	708	708	-1	-1	-1	-1	-1	-1	-1	-1	-1	-1	-1	-1	-1	-1	-1	-1	-1	-1	-1	-1	-1	-1	-1	-1
798	192	184	795	808	684	682	709	664	679	-1	-1	-1	-1	-1	-1	-1	-1	-1	-1	-1	-1	-1	-1	-1	-1	-1	-1	-1	-1
679	799	824	679	799	682	714	679	799	818	-1	-1	-1	-1	-1	-1	-1	-1	-1	-1	-1	-1	-1	-1	-1	-1	-1	-1	-1	-1
349	350	350	349	630	626	635	637	639	628	641	643	624	649	650	653	620	622	655	645	647	708	818	818	-1	-1	-1	-1	-1	-1
0	818	818	818	818	818	818	818	818	818	818	818	818	818	818	818	906	-1	-1	-1	-1	-1	-1	-1	-1	-1	-1	-1	-1	-1
0	818	818	818	818	818	818	-1	-1	-1	-1	-1	-1	-1	-1	-1	-1	-1	-1	-1	-1	-1	-1	-1	-1	-1	-1	-1	-1	-1
0	818	818	818	818	818	818	818	63	818	-1	-1	-1	-1	-1	-1	-1	-1	-1	-1	-1	-1	-1	-1	-1	-1	-1	-1	-1	-1
361	362	362	361	630	626	635	637	639	628	641	643	624	649	650	653	620	622	655	645	647	708	818	818	-1	-1	-1	-1	-1	-1
116	116	116	167	170	167	116	117	-1	-1	-1	-1	-1	-1	-1	-1	-1	-1	-1	-1	-1	-1	-1	-1	-1	-1	-1	-1	-1	-1
679	679	799	198	682	683	682	714	679	680	681	1083	680	812	680	682	173	175	173	157	128	812	0	157	-1	-1	-1	-1	-1	-1
0	818	818	818	818	818	826	826	826	0	818	818	818	818	818	818	818	818	818	818	818	818	818	826	826	0	818	-1	-1	-1
0	0	824	818	191	818	-1	-1	-1	-1	-1	-1	-1	-1	-1	-1	-1	-1	-1	-1	-1	-1	-1	-1	-1	-1	-1	-1	-1	-1
991	114	0	991	827	818	-1	-1	-1	-1	-1	-1	-1	-1	-1	-1	-1	-1	-1	-1	-1	-1	-1	-1	-1	-1	-1	-1	-1	-1
0	818	818	818	818	818	818	818	818	818	818	818	0	818	818	818	818	818	818	818	818	818	818	818	863	863	-1	-1	-1	-1
840	840	840	840	840	0	222	818	818	818	818	818	818	818	818	818	818	818	222	679	818	818	56	818	818	-1	-1	-1	-1	-1
198	818	818	922	818	818	198	-1	-1	-1	-1	-1	-1	-1	-1	-1	-1	-1	-1	-1	-1	-1	-1	-1	-1	-1	-1	-1	-1	-1
479	480	480	479	630	626	635	637	639	628	641	643	624	649	650	653	620	622	655	645	647	708	818	818	-1	-1	-1	-1	-1	-1
679	824	818	826	818	826	679	818	826	826	826	826	826	-1	-1	-1	-1	-1	-1	-1	-1	-1	-1	-1	-1	-1	-1	-1	-1	-1
679	1123	0	679	799	198	-1	-1	-1	-1	-1	-1	-1	-1	-1	-1	-1	-1	-1	-1	-1	-1	-1	-1	-1	-1	-1	-1	-1	-1
0	818	818	818	818	818	818	818	818	818	818	818	818	818	846	846	818	818	818	818	-1	-1	-1	-1	-1	-1	-1	-1	-1	-1
826	826	818	826	889	889	827	827	818	-1	-1	-1	-1	-1	-1	-1	-1	-1	-1	-1	-1	-1	-1	-1	-1	-1	-1	-1	-1	-1
818	222	824	222	818	818	818	818	818	849	849	849	679	849	849	849	818	818	818	818	818	818	222	223	818	-1	-1	-1	-1	-1
0	824	818	818	818	818	818	-1	-1	-1	-1	-1	-1	-1	-1	-1	-1	-1	-1	-1	-1	-1	-1	-1	-1	-1	-1	-1	-1	-1
826	826	826	826	826	826	826	826	826	826	826	826	826	826	826	826	826	826	826	826	826	-1	-1	-1	-1	-1	-1	-1	-1	-1
0	818	818	818	818	679	222	788	818	818	818	-1	-1	-1	-1	-1	-1	-1	-1	-1	-1	-1	-1	-1	-1	-1	-1	-1	-1	-1
0	191	679	799	1077	706	818	826	826	917	917	679	799	818	0	818	826	1010	1010	826	826	826	-1	-1	-1	-1	-1	-1	-1	-1
679	1123	708	0	799	198	679	-1	-1	-1	-1	-1	-1	-1	-1	-1	-1	-1	-1	-1	-1	-1	-1	-1	-1	-1	-1	-1	-1	-1
0	818	818	824	818	1010	818	818	0	-1	-1	-1	-1	-1	-1	-1	-1	-1	-1	-1	-1	-1	-1	-1	-1	-1	-1	-1	-1	-1
0	818	818	818	818	818	818	818	977	-1	-1	-1	-1	-1	-1	-1	-1	-1	-1	-1	-1	-1	-1	-1	-1	-1	-1	-1	-1	-1
679	818	818	818	818	818	818	818	679	-1	-1	-1	-1	-1	-1	-1	-1	-1	-1	-1	-1	-1	-1	-1	-1	-1	-1	-1	-1	-1
818	818	818	818	818	818	818	-1	-1	-1	-1	-1	-1	-1	-1	-1	-1	-1	-1	-1	-1	-1	-1	-1	-1	-1	-1	-1	-1	-1
286	824	1011	818	818	818	818	-1	-1	-1	-1	-1	-1	-1	-1	-1	-1	-1	-1	-1	-1	-1	-1	-1	-1	-1	-1	-1	-1	-1
818	818	818	818	818	818	818	818	818	818	818	818	818	818	818	818	818	818	818	818	818	818	818	-1	-1	-1	-1	-1	-1	-1
198	818	818	818	818	818	818	818	824	818	869	869	818	818	818	818	818	989	-1	-1	-1	-1	-1	-1	-1	-1	-1	-1	-1	-1
818	818	818	818	818	818	818	818	-1	-1	-1	-1	-1	-1	-1	-1	-1	-1	-1	-1	-1	-1	-1	-1	-1	-1	-1	-1	-1	-1
335	336	336	335	630	626	635	637	639	628	641	643	624	649	650	653	620	622	655	645	647	708	818	818	-1	-1	-1	-1	-1	-1
818	818	818	818	818	818	818	818	-1	-1	-1	-1	-1	-1	-1	-1	-1	-1	-1	-1	-1	-1	-1	-1	-1	-1	-1	-1	-1	-1
470	471	471	470	630	626	635	637	639	628	641	643	624	-1	-1	-1	-1	-1	-1	-1	-1	-1	-1	-1	-1	-1	-1	-1	-1	-1
768	769	769	768	624	649	650	-1	-1	-1	-1	-1	-1	-1	-1	-1	-1	-1	-1	-1	-1	-1	-1	-1	-1	-1	-1	-1	-1	-1
649	650	653	620	622	655	645	647	708	818	818	-1	-1	-1	-1	-1	-1	-1	-1	-1	-1	-1	-1	-1	-1	-1	-1	-1	-1	-1
546	547	547	546	630	626	635	637	639	628	641	643	624	649	650	-1	-1	-1	-1	-1	-1	-1	-1	-1	-1	-1	-1	-1	-1	-1
0	191	824	116	788	222	671	116	788	824	0	191	-1	-1	-1	-1	-1	-1	-1	-1	-1	-1	-1	-1	-1	-1	-1	-1	-1	-1
114	708	0	0	0	0	-1	-1	-1	-1	-1	-1	-1	-1	-1	-1	-1	-1	-1	-1	-1	-1	-1	-1	-1	-1	-1	-1	-1	-1
226	818	226	226	222	226	-1	-1	-1	-1	-1	-1	-1	-1	-1	-1	-1	-1	-1	-1	-1	-1	-1	-1	-1	-1	-1	-1	-1	-1
286	290	222	671	230	120	286	199	238	230	120	286	290	237	240	1114	1114	824	222	671	818	818	818	818	1115	1115	-1	-1	-1	-1
0	818	818	818	818	0	818	818	818	818	818	821	821	818	-1	-1	-1	-1	-1	-1	-1	-1	-1	-1	-1	-1	-1	-1	-1	-1
198	1079	824	1079	116	818	818	818	116	818	818	818	116	1079	198	-1	-1	-1	-1	-1	-1	-1	-1	-1	-1	-1	-1	-1	-1	-1
708	0	0	526	399	465	296	-1	-1	-1	-1	-1	-1	-1	-1	-1	-1	-1	-1	-1	-1	-1	-1	-1	-1	-1	-1	-1	-1	-1
414	415	415	414	630	626	635	637	639	628	641	643	624	649	650	653	620	622	655	645	647	708	818	818	-1	-1	-1	-1	-1	-1
819	819	0	818	936	818	818	818	819	819	0	818	915	915	819	679	827	915	915	818	818	0	818	818	915	-1	-1	-1	-1	-1
513	514	514	513	630	626	635	637	639	628	641	643	624	649	650	653	620	622	655	645	647	708	818	818	-1	-1	-1	-1	-1	-1
0	818	818	818	818	818	818	818	0	818	-1	-1	-1	-1	-1	-1	-1	-1	-1	-1	-1	-1	-1	-1	-1	-1	-1	-1	-1	-1
0	818	818	818	818	818	-1	-1	-1	-1	-1	-1	-1	-1	-1	-1	-1	-1	-1	-1	-1	-1	-1	-1	-1	-1	-1	-1	-1	-1
818	818	818	818	818	818	818	818	818	818	818	-1	-1	-1	-1	-1	-1	-1	-1	-1	-1	-1	-1	-1	-1	-1	-1	-1	-1	-1
599	600	600	599	630	626	635	637	639	628	641	643	624	649	650	653	620	622	655	645	647	708	818	818	-1	-1	-1	-1	-1	-1
0	0	122	199	198	0	-1	-1	-1	-1	-1	-1	-1	-1	-1	-1	-1	-1	-1	-1	-1	-1	-1	-1	-1	-1	-1	-1	-1	-1
0	818	818	1028	222	825	679	198	222	788	679	818	788	819	788	788	818	824	818	1028	1028	818	222	222	0	788	788	-1	-1	-1
679	682	679	682	682	679	682	679	-1	-1	-1	-1	-1	-1	-1	-1	-1	-1	-1	-1	-1	-1	-1	-1	-1	-1	-1	-1	-1	-1
0	819	222	819	222	222	824	222	819	222	824	0	222	223	222	818	222	818	1028	827	1028	1028	-1	-1	-1	-1	-1	-1	-1	-1
0	679	818	818	818	818	818	818	679	818	818	818	818	818	980	980	818	-1	-1	-1	-1	-1	-1	-1	-1	-1	-1	-1	-1	-1
0	818	818	818	818	818	818	818	818	818	818	818	818	818	818	-1	-1	-1	-1	-1	-1	-1	-1	-1	-1	-1	-1	-1	-1	-1
0	818	0	818	0	0	818	818	818	818	818	818	818	-1	-1	-1	-1	-1	-1	-1	-1	-1	-1	-1	-1	-1	-1	-1	-1	-1
0	818	1007	1007	1007	679	1107	-1	-1	-1	-1	-1	-1	-1	-1	-1	-1	-1	-1	-1	-1	-1	-1	-1	-1	-1	-1	-1	-1	-1
827	818	827	827	827	818	818	818	818	818	818	818	818	818	818	818	818	-1	-1	-1	-1	-1	-1	-1	-1	-1	-1	-1	-1	-1
818	939	939	939	818	818	818	818	818	818	818	818	-1	-1	-1	-1	-1	-1	-1	-1	-1	-1	-1	-1	-1	-1	-1	-1	-1	-1
0	818	844	844	818	824	818	1010	-1	-1	-1	-1	-1	-1	-1	-1	-1	-1	-1	-1	-1	-1	-1	-1	-1	-1	-1	-1	-1	-1
0	282	818	826	826	1018	788	664	788	1018	826	826	818	282	-1	-1	-1	-1	-1	-1	-1	-1	-1	-1	-1	-1	-1	-1	-1	-1
0	788	0	0	818	818	818	818	818	818	818	818	818	818	818	818	818	-1	-1	-1	-1	-1	-1	-1	-1	-1	-1	-1	-1	-1
0	824	818	818	826	894	0	818	826	826	826	826	826	826	826	818	826	826	826	826	826	826	826	818	826	818	826	-1	-1	-1
826	826	826	826	826	826	826	826	826	826	826	-1	-1	-1	-1	-1	-1	-1	-1	-1	-1	-1	-1	-1	-1	-1	-1	-1	-1	-1
826	894	826	826	826	826	826	-1	-1	-1	-1	-1	-1	-1	-1	-1	-1	-1	-1	-1	-1	-1	-1	-1	-1	-1	-1	-1	-1	-1
116	116	169	116	116	122	824	818	-1	-1	-1	-1	-1	-1	-1	-1	-1	-1	-1	-1	-1	-1	-1	-1	-1	-1	-1	-1	-1	-1
0	773	624	0	773	624	-1	-1	-1	-1	-1	-1	-1	-1	-1	-1	-1	-1	-1	-1	-1	-1	-1	-1	-1	-1	-1	-1	-1	-1
788	788	788	788	788	788	-1	-1	-1	-1	-1	-1	-1	-1	-1	-1	-1	-1	-1	-1	-1	-1	-1	-1	-1	-1	-1	-1	-1	-1
0	818	818	818	818	818	818	818	826	826	826	826	826	826	826	826	-1	-1	-1	-1	-1	-1	-1	-1	-1	-1	-1	-1	-1	-1
788	788	788	788	788	788	788	788	788	788	-1	-1	-1	-1	-1	-1	-1	-1	-1	-1	-1	-1	-1	-1	-1	-1	-1	-1	-1	-1
198	230	286	290	818	960	818	1050	1050	1050	788	794	790	222	-1	-1	-1	-1	-1	-1	-1	-1	-1	-1	-1	-1	-1	-1	-1	-1
198	285	230	1079	1098	1101	116	403	-1	-1	-1	-1	-1	-1	-1	-1	-1	-1	-1	-1	-1	-1	-1	-1	-1	-1	-1	-1	-1	-1
591	592	592	591	630	626	635	637	639	628	641	643	624	649	650	653	620	622	655	645	647	708	818	818	-1	-1	-1	-1	-1	-1
312	313	313	312	630	626	635	637	639	628	641	643	624	649	650	653	620	622	655	645	647	708	818	818	-1	-1	-1	-1	-1	-1
0	116	198	293	664	679	708	709	788	818	819	825	1058	1058	1079	1123	173	116	706	1077	1105	1107	799	114	827	200	282	-1	-1	-1
369	370	370	369	630	626	635	637	639	628	641	643	624	649	650	653	620	622	655	645	647	708	818	818	-1	-1	-1	-1	-1	-1
541	542	542	541	630	626	635	637	639	628	641	643	624	649	650	653	620	622	655	645	647	708	-1	-1	-1	-1	-1	-1	-1	-1
740	742	740	699	703	699	-1	-1	-1	-1	-1	-1	-1	-1	-1	-1	-1	-1	-1	-1	-1	-1	-1	-1	-1	-1	-1	-1	-1	-1
759	760	760	759	630	626	635	637	639	628	641	643	624	649	650	653	620	622	655	645	647	708	818	818	-1	-1	-1	-1	-1	-1
327	797	726	191	574	610	539	-1	-1	-1	-1	-1	-1	-1	-1	-1	-1	-1	-1	-1	-1	-1	-1	-1	-1	-1	-1	-1	-1	-1
331	332	332	331	630	626	635	637	639	628	641	643	624	649	650	653	620	622	655	645	647	708	818	818	-1	-1	-1	-1	-1	-1
199	1123	708	232	0	199	198	238	-1	-1	-1	-1	-1	-1	-1	-1	-1	-1	-1	-1	-1	-1	-1	-1	-1	-1	-1	-1	-1	-1
0	818	818	818	818	818	818	818	818	818	818	818	818	818	818	818	-1	-1	-1	-1	-1	-1	-1	-1	-1	-1	-1	-1	-1	-1
788	788	788	788	788	788	788	788	-1	-1	-1	-1	-1	-1	-1	-1	-1	-1	-1	-1	-1	-1	-1	-1	-1	-1	-1	-1	-1	-1
818	820	821	682	679	682	679	682	680	-1	-1	-1	-1	-1	-1	-1	-1	-1	-1	-1	-1	-1	-1	-1	-1	-1	-1	-1	-1	-1
116	117	709	1079	1103	1103	-1	-1	-1	-1	-1	-1	-1	-1	-1	-1	-1	-1	-1	-1	-1	-1	-1	-1	-1	-1	-1	-1	-1	-1
819	819	0	818	1028	1028	819	819	0	818	951	818	818	826	826	-1	-1	-1	-1	-1	-1	-1	-1	-1	-1	-1	-1	-1	-1	-1
818	824	679	818	679	824	818	-1	-1	-1	-1	-1	-1	-1	-1	-1	-1	-1	-1	-1	-1	-1	-1	-1	-1	-1	-1	-1	-1	-1
0	222	238	216	219	722	722	116	679	198	818	0	818	818	818	818	818	818	818	818	116	184	198	237	1114	1115	818	-1	-1	-1
0	818	818	1050	1050	1050	818	818	818	818	0	-1	-1	-1	-1	-1	-1	-1	-1	-1	-1	-1	-1	-1	-1	-1	-1	-1	-1	-1
679	799	679	679	198	679	679	824	679	679	799	-1	-1	-1	-1	-1	-1	-1	-1	-1	-1	-1	-1	-1	-1	-1	-1	-1	-1	-1
818	852	852	826	818	818	-1	-1	-1	-1	-1	-1	-1	-1	-1	-1	-1	-1	-1	-1	-1	-1	-1	-1	-1	-1	-1	-1	-1	-1
818	818	826	826	1014	818	0	-1	-1	-1	-1	-1	-1	-1	-1	-1	-1	-1	-1	-1	-1	-1	-1	-1	-1	-1	-1	-1	-1	-1
0	0	818	818	844	844	844	0	818	818	-1	-1	-1	-1	-1	-1	-1	-1	-1	-1	-1	-1	-1	-1	-1	-1	-1	-1	-1	-1
679	818	818	818	818	818	-1	-1	-1	-1	-1	-1	-1	-1	-1	-1	-1	-1	-1	-1	-1	-1	-1	-1	-1	-1	-1	-1	-1	-1
0	788	788	0	788	0	788	0	788	0	788	0	788	0	788	0	-1	-1	-1	-1	-1	-1	-1	-1	-1	-1	-1	-1	-1	-1
0	818	818	818	818	116	-1	-1	-1	-1	-1	-1	-1	-1	-1	-1	-1	-1	-1	-1	-1	-1	-1	-1	-1	-1	-1	-1	-1	-1
237	1115	1114	1115	1114	237	237	237	-1	-1	-1	-1	-1	-1	-1	-1	-1	-1	-1	-1	-1	-1	-1	-1	-1	-1	-1	-1	-1	-1
679	222	824	818	1037	1037	818	222	-1	-1	-1	-1	-1	-1	-1	-1	-1	-1	-1	-1	-1	-1	-1	-1	-1	-1	-1	-1	-1	-1
679	799	682	714	679	799	-1	-1	-1	-1	-1	-1	-1	-1	-1	-1	-1	-1	-1	-1	-1	-1	-1	-1	-1	-1	-1	-1	-1	-1
0	191	818	818	818	818	-1	-1	-1	-1	-1	-1	-1	-1	-1	-1	-1	-1	-1	-1	-1	-1	-1	-1	-1	-1	-1	-1	-1	-1
797	799	198	807	173	1104	191	1079	-1	-1	-1	-1	-1	-1	-1	-1	-1	-1	-1	-1	-1	-1	-1	-1	-1	-1	-1	-1	-1	-1
0	818	818	818	818	922	818	818	818	818	818	818	0	818	679	679	-1	-1	-1	-1	-1	-1	-1	-1	-1	-1	-1	-1	-1	-1
1024	198	818	920	920	818	920	-1	-1	-1	-1	-1	-1	-1	-1	-1	-1	-1	-1	-1	-1	-1	-1	-1	-1	-1	-1	-1	-1	-1
0	191	788	665	293	0	191	818	818	-1	-1	-1	-1	-1	-1	-1	-1	-1	-1	-1	-1	-1	-1	-1	-1	-1	-1	-1	-1	-1
818	818	1052	116	198	173	173	788	818	818	818	818	-1	-1	-1	-1	-1	-1	-1	-1	-1	-1	-1	-1	-1	-1	-1	-1	-1	-1
0	818	818	818	818	818	961	818	818	818	-1	-1	-1	-1	-1	-1	-1	-1	-1	-1	-1	-1	-1	-1	-1	-1	-1	-1	-1	-1
679	0	679	679	683	682	680	679	624	-1	-1	-1	-1	-1	-1	-1	-1	-1	-1	-1	-1	-1	-1	-1	-1	-1	-1	-1	-1	-1
0	0	818	818	818	826	826	818	-1	-1	-1	-1	-1	-1	-1	-1	-1	-1	-1	-1	-1	-1	-1	-1	-1	-1	-1	-1	-1	-1
1123	708	0	114	191	797	0	0	0	-1	-1	-1	-1	-1	-1	-1	-1	-1	-1	-1	-1	-1	-1	-1	-1	-1	-1	-1	-1	-1
1123	0	708	191	797	0	-1	-1	-1	-1	-1	-1	-1	-1	-1	-1	-1	-1	-1	-1	-1	-1	-1	-1	-1	-1	-1	-1	-1	-1
798	795	808	192	184	709	664	-1	-1	-1	-1	-1	-1	-1	-1	-1	-1	-1	-1	-1	-1	-1	-1	-1	-1	-1	-1	-1	-1	-1
0	222	818	826	826	818	222	0	-1	-1	-1	-1	-1	-1	-1	-1	-1	-1	-1	-1	-1	-1	-1	-1	-1	-1	-1	-1	-1	-1
0	788	0	818	851	818	851	818	0	818	851	818	-1	-1	-1	-1	-1	-1	-1	-1	-1	-1	-1	-1	-1	-1	-1	-1	-1	-1
0	818	818	818	818	818	818	818	818	818	-1	-1	-1	-1	-1	-1	-1	-1	-1	-1	-1	-1	-1	-1	-1	-1	-1	-1	-1	-1
818	818	1046	818	818	818	1000	1000	1000	-1	-1	-1	-1	-1	-1	-1	-1	-1	-1	-1	-1	-1	-1	-1	-1	-1	-1	-1	-1	-1
0	818	818	818	1027	1027	1027	818	818	818	818	818	818	818	-1	-1	-1	-1	-1	-1	-1	-1	-1	-1	-1	-1	-1	-1	-1	-1
708	708	708	708	708	708	708	708	708	708	708	708	-1	-1	-1	-1	-1	-1	-1	-1	-1	-1	-1	-1	-1	-1	-1	-1	-1	-1
0	818	950	950	788	665	792	1094	818	818	-1	-1	-1	-1	-1	-1	-1	-1	-1	-1	-1	-1	-1	-1	-1	-1	-1	-1	-1	-1
198	237	240	237	285	285	-1	-1	-1	-1	-1	-1	-1	-1	-1	-1	-1	-1	-1	-1	-1	-1	-1	-1	-1	-1	-1	-1	-1	-1
0	818	818	818	818	818	-1	-1	-1	-1	-1	-1	-1	-1	-1	-1	-1	-1	-1	-1	-1	-1	-1	-1	-1	-1	-1	-1	-1	-1
0	818	818	818	818	818	818	818	818	-1	-1	-1	-1	-1	-1	-1	-1	-1	-1	-1	-1	-1	-1	-1	-1	-1	-1	-1	-1	-1
0	222	671	818	818	826	-1	-1	-1	-1	-1	-1	-1	-1	-1	-1	-1	-1	-1	-1	-1	-1	-1	-1	-1	-1	-1	-1	-1	-1
679	799	824	679	799	679	799	682	714	682	714	-1	-1	-1	-1	-1	-1	-1	-1	-1	-1	-1	-1	-1	-1	-1	-1	-1	-1	-1
818	818	1036	818	818	818	962	818	818	818	818	818	-1	-1	-1	-1	-1	-1	-1	-1	-1	-1	-1	-1	-1	-1	-1	-1	-1	-1
818	818	826	826	826	826	818	818	826	222	671	826	818	818	818	818	-1	-1	-1	-1	-1	-1	-1	-1	-1	-1	-1	-1	-1	-1
0	679	799	682	714	788	665	-1	-1	-1	-1	-1	-1	-1	-1	-1	-1	-1	-1	-1	-1	-1	-1	-1	-1	-1	-1	-1	-1	-1
0	818	825	825	821	825	818	824	818	818	818	843	664	664	818	818	821	-1	-1	-1	-1	-1	-1	-1	-1	-1	-1	-1	-1	-1
0	1123	708	191	797	0	798	192	184	808	795	818	114	818	818	818	818	818	818	859	859	859	818	818	818	-1	-1	-1	-1	-1
818	818	818	818	818	116	788	-1	-1	-1	-1	-1	-1	-1	-1	-1	-1	-1	-1	-1	-1	-1	-1	-1	-1	-1	-1	-1	-1	-1
679	799	1079	710	222	671	824	-1	-1	-1	-1	-1	-1	-1	-1	-1	-1	-1	-1	-1	-1	-1	-1	-1	-1	-1	-1	-1	-1	-1
198	818	818	818	1029	1029	818	818	-1	-1	-1	-1	-1	-1	-1	-1	-1	-1	-1	-1	-1	-1	-1	-1	-1	-1	-1	-1	-1	-1
0	818	664	664	0	818	818	818	-1	-1	-1	-1	-1	-1	-1	-1	-1	-1	-1	-1	-1	-1	-1	-1	-1	-1	-1	-1	-1	-1
0	818	0	818	818	818	0	-1	-1	-1	-1	-1	-1	-1	-1	-1	-1	-1	-1	-1	-1	-1	-1	-1	-1	-1	-1	-1	-1	-1
613	613	612	626	635	637	639	628	641	643	624	649	650	653	620	622	655	645	647	708	818	-1	-1	-1	-1	-1	-1	-1	-1	-1
818	818	818	818	818	818	818	-1	-1	-1	-1	-1	-1	-1	-1	-1	-1	-1	-1	-1	-1	-1	-1	-1	-1	-1	-1	-1	-1	-1
0	818	818	818	818	818	818	818	818	818	818	818	818	818	818	818	818	818	818	818	818	818	818	818	818	818	818	818	818	-1
198	818	818	818	950	198	679	818	818	818	818	0	818	0	116	818	-1	-1	-1	-1	-1	-1	-1	-1	-1	-1	-1	-1	-1	-1
0	0	824	818	818	818	818	818	818	679	0	0	0	0	818	0	818	-1	-1	-1	-1	-1	-1	-1	-1	-1	-1	-1	-1	-1
1079	173	807	799	198	191	797	1104	114	0	-1	-1	-1	-1	-1	-1	-1	-1	-1	-1	-1	-1	-1	-1	-1	-1	-1	-1	-1	-1
0	0	0	0	0	818	0	-1	-1	-1	-1	-1	-1	-1	-1	-1	-1	-1	-1	-1	-1	-1	-1	-1	-1	-1	-1	-1	-1	-1
798	795	808	184	192	114	788	710	683	679	-1	-1	-1	-1	-1	-1	-1	-1	-1	-1	-1	-1	-1	-1	-1	-1	-1	-1	-1	-1
788	791	824	818	818	821	818	818	818	679	818	818	-1	-1	-1	-1	-1	-1	-1	-1	-1	-1	-1	-1	-1	-1	-1	-1	-1	-1
679	679	818	818	981	818	818	981	679	679	818	-1	-1	-1	-1	-1	-1	-1	-1	-1	-1	-1	-1	-1	-1	-1	-1	-1	-1	-1
0	818	826	961	827	0	-1	-1	-1	-1	-1	-1	-1	-1	-1	-1	-1	-1	-1	-1	-1	-1	-1	-1	-1	-1	-1	-1	-1	-1
818	928	818	735	222	223	277	-1	-1	-1	-1	-1	-1	-1	-1	-1	-1	-1	-1	-1	-1	-1	-1	-1	-1	-1	-1	-1	-1	-1
0	818	818	818	826	818	818	818	818	818	818	818	-1	-1	-1	-1	-1	-1	-1	-1	-1	-1	-1	-1	-1	-1	-1	-1	-1	-1
800	191	797	818	191	797	818	-1	-1	-1	-1	-1	-1	-1	-1	-1	-1	-1	-1	-1	-1	-1	-1	-1	-1	-1	-1	-1	-1	-1
682	198	679	1105	679	116	0	116	679	0	-1	-1	-1	-1	-1	-1	-1	-1	-1	-1	-1	-1	-1	-1	-1	-1	-1	-1	-1	-1
679	0	818	818	818	0	-1	-1	-1	-1	-1	-1	-1	-1	-1	-1	-1	-1	-1	-1	-1	-1	-1	-1	-1	-1	-1	-1	-1	-1
1123	708	724	502	745	446	0	-1	-1	-1	-1	-1	-1	-1	-1	-1	-1	-1	-1	-1	-1	-1	-1	-1	-1	-1	-1	-1	-1	-1
0	824	1011	818	827	827	818	818	-1	-1	-1	-1	-1	-1	-1	-1	-1	-1	-1	-1	-1	-1	-1	-1	-1	-1	-1	-1	-1	-1
184	798	808	795	664	192	709	-1	-1	-1	-1	-1	-1	-1	-1	-1	-1	-1	-1	-1	-1	-1	-1	-1	-1	-1	-1	-1	-1	-1
679	799	682	714	679	799	-1	-1	-1	-1	-1	-1	-1	-1	-1	-1	-1	-1	-1	-1	-1	-1	-1	-1	-1	-1	-1	-1	-1	-1
0	818	818	818	818	818	-1	-1	-1	-1	-1	-1	-1	-1	-1	-1	-1	-1	-1	-1	-1	-1	-1	-1	-1	-1	-1	-1	-1	-1
0	818	818	818	818	818	818	818	-1	-1	-1	-1	-1	-1	-1	-1	-1	-1	-1	-1	-1	-1	-1	-1	-1	-1	-1	-1	-1	-1
485	632	1061	1061	1061	1061	1061	1061	1065	1065	1065	-1	-1	-1	-1	-1	-1	-1	-1	-1	-1	-1	-1	-1	-1	-1	-1	-1	-1	-1
0	818	818	818	818	818	826	-1	-1	-1	-1	-1	-1	-1	-1	-1	-1	-1	-1	-1	-1	-1	-1	-1	-1	-1	-1	-1	-1	-1
679	818	679	682	679	679	-1	-1	-1	-1	-1	-1	-1	-1	-1	-1	-1	-1	-1	-1	-1	-1	-1	-1	-1	-1	-1	-1	-1	-1
0	818	818	818	818	818	818	818	959	820	821	818	198	818	198	818	198	818	818	818	198	227	679	818	818	818	821	-1	-1	-1
122	179	184	241	116	788	184	241	122	179	-1	-1	-1	-1	-1	-1	-1	-1	-1	-1	-1	-1	-1	-1	-1	-1	-1	-1	-1	-1
0	818	1028	1028	0	818	938	938	0	788	821	821	-1	-1	-1	-1	-1	-1	-1	-1	-1	-1	-1	-1	-1	-1	-1	-1	-1	-1
0	825	825	821	825	0	818	818	818	818	818	1018	818	1023	818	818	818	0	818	843	843	843	843	843	818	-1	-1	-1	-1	-1
0	191	818	818	826	826	818	818	826	826	818	826	826	818	-1	-1	-1	-1	-1	-1	-1	-1	-1	-1	-1	-1	-1	-1	-1	-1
0	818	818	818	818	818	818	818	818	818	818	818	-1	-1	-1	-1	-1	-1	-1	-1	-1	-1	-1	-1	-1	-1	-1	-1	-1	-1
679	799	679	799	682	714	679	799	-1	-1	-1	-1	-1	-1	-1	-1	-1	-1	-1	-1	-1	-1	-1	-1	-1	-1	-1	-1	-1	-1
818	851	851	851	851	818	-1	-1	-1	-1	-1	-1	-1	-1	-1	-1	-1	-1	-1	-1	-1	-1	-1	-1	-1	-1	-1	-1	-1	-1
198	679	240	208	237	240	1115	1114	1116	818	-1	-1	-1	-1	-1	-1	-1	-1	-1	-1	-1	-1	-1	-1	-1	-1	-1	-1	-1	-1
679	682	679	1105	1105	679	-1	-1	-1	-1	-1	-1	-1	-1	-1	-1	-1	-1	-1	-1	-1	-1	-1	-1	-1	-1	-1	-1	-1	-1
0	708	1079	710	1098	1101	1102	125	1101	1101	1099	1099	280	1103	150	1080	1081	-1	-1	-1	-1	-1	-1	-1	-1	-1	-1	-1	-1	-1
222	671	818	1051	1051	1051	818	818	222	222	671	818	-1	-1	-1	-1	-1	-1	-1	-1	-1	-1	-1	-1	-1	-1	-1	-1	-1	-1
818	818	818	818	818	818	818	818	818	818	818	818	818	818	818	818	818	818	818	818	818	-1	-1	-1	-1	-1	-1	-1	-1	-1
0	818	818	818	818	818	-1	-1	-1	-1	-1	-1	-1	-1	-1	-1	-1	-1	-1	-1	-1	-1	-1	-1	-1	-1	-1	-1	-1	-1
679	679	682	824	682	680	682	679	679	679	682	679	824	679	679	-1	-1	-1	-1	-1	-1	-1	-1	-1	-1	-1	-1	-1	-1	-1
286	818	818	818	818	818	818	-1	-1	-1	-1	-1	-1	-1	-1	-1	-1	-1	-1	-1	-1	-1	-1	-1	-1	-1	-1	-1	-1	-1
0	818	818	818	835	818	877	818	818	818	818	818	818	818	818	818	818	818	818	818	818	818	-1	-1	-1	-1	-1	-1	-1	-1
0	0	818	818	818	818	818	818	818	0	0	818	-1	-1	-1	-1	-1	-1	-1	-1	-1	-1	-1	-1	-1	-1	-1	-1	-1	-1
818	818	818	818	40	722	40	722	40	722	40	-1	-1	-1	-1	-1	-1	-1	-1	-1	-1	-1	-1	-1	-1	-1	-1	-1	-1	-1
0	200	0	818	191	877	-1	-1	-1	-1	-1	-1	-1	-1	-1	-1	-1	-1	-1	-1	-1	-1	-1	-1	-1	-1	-1	-1	-1	-1
198	198	818	1048	1048	1048	827	1048	1048	1048	818	198	222	223	679	223	222	198	-1	-1	-1	-1	-1	-1	-1	-1	-1	-1	-1	-1
173	157	174	165	173	157	-1	-1	-1	-1	-1	-1	-1	-1	-1	-1	-1	-1	-1	-1	-1	-1	-1	-1	-1	-1	-1	-1	-1	-1
0	818	0	825	0	818	818	818	818	818	818	818	818	818	198	818	818	1058	818	818	-1	-1	-1	-1	-1	-1	-1	-1	-1	-1
0	818	818	818	818	818	818	818	818	818	818	818	818	818	0	818	818	818	818	818	818	818	818	818	818	818	818	818	818	-1
679	785	679	680	680	682	818	824	818	824	818	824	818	818	818	818	818	818	818	818	818	818	818	818	953	953	953	818	222	-1
679	799	682	714	679	799	-1	-1	-1	-1	-1	-1	-1	-1	-1	-1	-1	-1	-1	-1	-1	-1	-1	-1	-1	-1	-1	-1	-1	-1
818	818	818	818	826	826	826	826	826	818	826	826	826	826	826	826	818	826	826	826	826	826	826	826	826	826	826	826	826	-1
0	818	198	208	275	824	824	824	824	-1	-1	-1	-1	-1	-1	-1	-1	-1	-1	-1	-1	-1	-1	-1	-1	-1	-1	-1	-1	-1
0	818	818	818	824	818	818	1003	1003	1003	818	818	818	929	818	1075	-1	-1	-1	-1	-1	-1	-1	-1	-1	-1	-1	-1	-1	-1
818	818	818	818	818	818	818	818	818	818	818	818	818	818	-1	-1	-1	-1	-1	-1	-1	-1	-1	-1	-1	-1	-1	-1	-1	-1
0	818	0	818	818	974	818	0	0	818	0	818	0	-1	-1	-1	-1	-1	-1	-1	-1	-1	-1	-1	-1	-1	-1	-1	-1	-1
1009	1009	1009	1009	1009	1009	877	877	877	877	0	191	818	-1	-1	-1	-1	-1	-1	-1	-1	-1	-1	-1	-1	-1	-1	-1	-1	-1
0	818	826	826	826	826	818	826	826	0	679	818	818	818	818	818	818	826	-1	-1	-1	-1	-1	-1	-1	-1	-1	-1	-1	-1
0	818	826	826	826	826	826	826	826	826	826	-1	-1	-1	-1	-1	-1	-1	-1	-1	-1	-1	-1	-1	-1	-1	-1	-1	-1	-1
0	818	0	824	1011	1011	824	0	818	824	679	-1	-1	-1	-1	-1	-1	-1	-1	-1	-1	-1	-1	-1	-1	-1	-1	-1	-1	-1
0	818	818	818	818	818	818	818	818	818	818	818	818	818	-1	-1	-1	-1	-1	-1	-1	-1	-1	-1	-1	-1	-1	-1	-1	-1
818	824	818	824	818	818	818	818	818	818	818	818	818	818	818	818	818	826	826	826	826	826	-1	-1	-1	-1	-1	-1	-1	-1
0	679	222	824	818	818	818	818	-1	-1	-1	-1	-1	-1	-1	-1	-1	-1	-1	-1	-1	-1	-1	-1	-1	-1	-1	-1	-1	-1
0	818	818	818	818	818	818	818	818	818	0	-1	-1	-1	-1	-1	-1	-1	-1	-1	-1	-1	-1	-1	-1	-1	-1	-1	-1	-1
0	818	818	818	818	818	818	818	-1	-1	-1	-1	-1	-1	-1	-1	-1	-1	-1	-1	-1	-1	-1	-1	-1	-1	-1	-1	-1	-1
818	915	915	915	818	818	-1	-1	-1	-1	-1	-1	-1	-1	-1	-1	-1	-1	-1	-1	-1	-1	-1	-1	-1	-1	-1	-1	-1	-1
818	818	846	846	846	846	846	818	818	818	818	818	-1	-1	-1	-1	-1	-1	-1	-1	-1	-1	-1	-1	-1	-1	-1	-1	-1	-1
0	818	825	818	818	788	0	788	0	788	-1	-1	-1	-1	-1	-1	-1	-1	-1	-1	-1	-1	-1	-1	-1	-1	-1	-1	-1	-1
664	664	664	664	664	664	-1	-1	-1	-1	-1	-1	-1	-1	-1	-1	-1	-1	-1	-1	-1	-1	-1	-1	-1	-1	-1	-1	-1	-1
708	708	708	708	708	708	708	708	708	-1	-1	-1	-1	-1	-1	-1	-1	-1	-1	-1	-1	-1	-1	-1	-1	-1	-1	-1	-1	-1
1123	679	708	0	679	198	799	-1	-1	-1	-1	-1	-1	-1	-1	-1	-1	-1	-1	-1	-1	-1	-1	-1	-1	-1	-1	-1	-1	-1
0	818	198	679	236	213	-1	-1	-1	-1	-1	-1	-1	-1	-1	-1	-1	-1	-1	-1	-1	-1	-1	-1	-1	-1	-1	-1	-1	-1
230	120	240	208	237	240	1115	1113	198	679	230	120	116	788	-1	-1	-1	-1	-1	-1	-1	-1	-1	-1	-1	-1	-1	-1	-1	-1
233	199	797	191	208	679	-1	-1	-1	-1	-1	-1	-1	-1	-1	-1	-1	-1	-1	-1	-1	-1	-1	-1	-1	-1	-1	-1	-1	-1
0	1123	708	0	797	191	114	818	826	0	0	0	0	0	0	0	0	0	0	0	0	0	818	0	-1	-1	-1	-1	-1	-1
826	826	826	826	826	826	826	826	826	826	826	826	826	826	826	826	826	-1	-1	-1	-1	-1	-1	-1	-1	-1	-1	-1	-1	-1
0	818	818	818	818	818	818	0	-1	-1	-1	-1	-1	-1	-1	-1	-1	-1	-1	-1	-1	-1	-1	-1	-1	-1	-1	-1	-1	-1
0	0	818	818	818	818	818	833	833	-1	-1	-1	-1	-1	-1	-1	-1	-1	-1	-1	-1	-1	-1	-1	-1	-1	-1	-1	-1	-1
191	713	709	679	797	240	-1	-1	-1	-1	-1	-1	-1	-1	-1	-1	-1	-1	-1	-1	-1	-1	-1	-1	-1	-1	-1	-1	-1	-1
0	818	818	824	818	1010	827	679	1077	818	818	818	818	818	-1	-1	-1	-1	-1	-1	-1	-1	-1	-1	-1	-1	-1	-1	-1	-1
0	818	818	931	931	0	818	818	818	0	818	818	818	818	818	818	818	818	-1	-1	-1	-1	-1	-1	-1	-1	-1	-1	-1	-1
1123	708	198	679	0	799	-1	-1	-1	-1	-1	-1	-1	-1	-1	-1	-1	-1	-1	-1	-1	-1	-1	-1	-1	-1	-1	-1	-1	-1
1123	708	799	0	679	198	-1	-1	-1	-1	-1	-1	-1	-1	-1	-1	-1	-1	-1	-1	-1	-1	-1	-1	-1	-1	-1	-1	-1	-1
797	1086	191	198	127	116	818	665	713	715	682	681	812	679	667	1098	144	146	679	812	1099	674	664	675	669	667	-1	-1	-1	-1
679	799	679	799	679	799	-1	-1	-1	-1	-1	-1	-1	-1	-1	-1	-1	-1	-1	-1	-1	-1	-1	-1	-1	-1	-1	-1	-1	-1
819	819	0	818	818	818	818	818	818	818	926	827	827	827	827	-1	-1	-1	-1	-1	-1	-1	-1	-1	-1	-1	-1	-1	-1	-1
679	1077	679	1077	818	818	818	1077	818	722	818	-1	-1	-1	-1	-1	-1	-1	-1	-1	-1	-1	-1	-1	-1	-1	-1	-1	-1	-1
788	788	788	788	788	788	788	788	-1	-1	-1	-1	-1	-1	-1	-1	-1	-1	-1	-1	-1	-1	-1	-1	-1	-1	-1	-1	-1	-1
1123	679	0	198	679	191	797	708	799	800	818	208	797	191	233	679	199	-1	-1	-1	-1	-1	-1	-1	-1	-1	-1	-1	-1	-1
788	665	222	671	818	818	818	-1	-1	-1	-1	-1	-1	-1	-1	-1	-1	-1	-1	-1	-1	-1	-1	-1	-1	-1	-1	-1	-1	-1
664	788	788	818	679	714	712	-1	-1	-1	-1	-1	-1	-1	-1	-1	-1	-1	-1	-1	-1	-1	-1	-1	-1	-1	-1	-1	-1	-1
818	818	818	818	49	818	818	818	818	818	818	-1	-1	-1	-1	-1	-1	-1	-1	-1	-1	-1	-1	-1	-1	-1	-1	-1	-1	-1
0	818	880	1013	873	1047	873	1047	-1	-1	-1	-1	-1	-1	-1	-1	-1	-1	-1	-1	-1	-1	-1	-1	-1	-1	-1	-1	-1	-1
0	818	1044	818	818	818	818	-1	-1	-1	-1	-1	-1	-1	-1	-1	-1	-1	-1	-1	-1	-1	-1	-1	-1	-1	-1	-1	-1	-1
679	799	198	679	211	228	818	1010	818	1000	1000	679	799	680	812	-1	-1	-1	-1	-1	-1	-1	-1	-1	-1	-1	-1	-1	-1	-1
601	601	1079	679	1079	1098	1100	1098	1079	679	1079	601	-1	-1	-1	-1	-1	-1	-1	-1	-1	-1	-1	-1	-1	-1	-1	-1	-1	-1
679	682	682	680	682	679	-1	-1	-1	-1	-1	-1	-1	-1	-1	-1	-1	-1	-1	-1	-1	-1	-1	-1	-1	-1	-1	-1	-1	-1
0	664	788	0	788	666	222	818	818	818	818	-1	-1	-1	-1	-1	-1	-1	-1	-1	-1	-1	-1	-1	-1	-1	-1	-1	-1	-1
708	708	708	708	708	708	-1	-1	-1	-1	-1	-1	-1	-1	-1	-1	-1	-1	-1	-1	-1	-1	-1	-1	-1	-1	-1	-1	-1	-1
0	818	818	818	818	826	826	868	868	679	818	818	818	826	826	826	826	-1	-1	-1	-1	-1	-1	-1	-1	-1	-1	-1	-1	-1
818	818	820	821	818	831	818	818	818	818	818	818	818	818	818	818	818	818	818	-1	-1	-1	-1	-1	-1	-1	-1	-1	-1	-1
235	0	275	234	198	232	-1	-1	-1	-1	-1	-1	-1	-1	-1	-1	-1	-1	-1	-1	-1	-1	-1	-1	-1	-1	-1	-1	-1	-1
0	1123	708	191	797	798	0	184	795	808	788	116	665	788	709	664	192	-1	-1	-1	-1	-1	-1	-1	-1	-1	-1	-1	-1	-1
1123	708	0	799	679	198	0	682	679	683	714	625	0	634	0	114	0	0	0	-1	-1	-1	-1	-1	-1	-1	-1	-1	-1	-1
679	0	679	198	799	799	-1	-1	-1	-1	-1	-1	-1	-1	-1	-1	-1	-1	-1	-1	-1	-1	-1	-1	-1	-1	-1	-1	-1	-1
679	799	682	714	679	799	-1	-1	-1	-1	-1	-1	-1	-1	-1	-1	-1	-1	-1	-1	-1	-1	-1	-1	-1	-1	-1	-1	-1	-1
1123	122	123	708	0	179	122	116	187	184	116	184	241	0	128	122	0	122	116	187	179	-1	-1	-1	-1	-1	-1	-1	-1	-1
679	679	682	818	818	818	818	818	-1	-1	-1	-1	-1	-1	-1	-1	-1	-1	-1	-1	-1	-1	-1	-1	-1	-1	-1	-1	-1	-1
0	818	818	818	818	818	818	818	818	0	818	818	0	818	818	818	230	211	213	116	213	211	0	818	0	818	818	818	818	-1
306	554	548	797	420	670	796	665	683	1083	191	726	1079	788	790	-1	-1	-1	-1	-1	-1	-1	-1	-1	-1	-1	-1	-1	-1	-1
0	0	818	864	864	818	864	818	0	0	818	818	-1	-1	-1	-1	-1	-1	-1	-1	-1	-1	-1	-1	-1	-1	-1	-1	-1	-1
818	818	818	888	827	818	-1	-1	-1	-1	-1	-1	-1	-1	-1	-1	-1	-1	-1	-1	-1	-1	-1	-1	-1	-1	-1	-1	-1	-1
818	818	818	818	818	818	818	818	818	-1	-1	-1	-1	-1	-1	-1	-1	-1	-1	-1	-1	-1	-1	-1	-1	-1	-1	-1	-1	-1
788	222	222	818	818	222	788	788	818	818	818	818	679	-1	-1	-1	-1	-1	-1	-1	-1	-1	-1	-1	-1	-1	-1	-1	-1	-1
679	799	682	714	682	714	679	679	679	679	-1	-1	-1	-1	-1	-1	-1	-1	-1	-1	-1	-1	-1	-1	-1	-1	-1	-1	-1	-1
1123	708	679	799	0	198	800	818	714	683	682	715	709	1079	679	0	679	799	198	191	797	818	-1	-1	-1	-1	-1	-1	-1	-1
679	679	824	679	682	679	-1	-1	-1	-1	-1	-1	-1	-1	-1	-1	-1	-1	-1	-1	-1	-1	-1	-1	-1	-1	-1	-1	-1	-1
232	233	198	199	0	232	234	199	-1	-1	-1	-1	-1	-1	-1	-1	-1	-1	-1	-1	-1	-1	-1	-1	-1	-1	-1	-1	-1	-1
680	824	680	818	818	818	818	826	826	826	826	826	826	826	826	826	826	826	-1	-1	-1	-1	-1	-1	-1	-1	-1	-1	-1	-1
0	0	818	818	818	0	-1	-1	-1	-1	-1	-1	-1	-1	-1	-1	-1	-1	-1	-1	-1	-1	-1	-1	-1	-1	-1	-1	-1	-1
0	1079	1083	1091	1083	1087	1083	0	1079	1083	-1	-1	-1	-1	-1	-1	-1	-1	-1	-1	-1	-1	-1	-1	-1	-1	-1	-1	-1	-1
0	818	977	0	818	977	977	827	788	0	818	1035	1035	1035	818	818	0	818	977	977	977	977	977	-1	-1	-1	-1	-1	-1	-1
237	240	1114	1114	237	240	-1	-1	-1	-1	-1	-1	-1	-1	-1	-1	-1	-1	-1	-1	-1	-1	-1	-1	-1	-1	-1	-1	-1	-1
679	818	826	826	826	679	682	-1	-1	-1	-1	-1	-1	-1	-1	-1	-1	-1	-1	-1	-1	-1	-1	-1	-1	-1	-1	-1	-1	-1
0	818	818	818	818	0	818	821	-1	-1	-1	-1	-1	-1	-1	-1	-1	-1	-1	-1	-1	-1	-1	-1	-1	-1	-1	-1	-1	-1
713	1079	1103	818	1103	1083	679	1083	1103	1079	713	-1	-1	-1	-1	-1	-1	-1	-1	-1	-1	-1	-1	-1	-1	-1	-1	-1	-1	-1
821	818	818	198	818	0	-1	-1	-1	-1	-1	-1	-1	-1	-1	-1	-1	-1	-1	-1	-1	-1	-1	-1	-1	-1	-1	-1	-1	-1
234	198	234	232	234	234	282	232	232	282	234	238	234	234	-1	-1	-1	-1	-1	-1	-1	-1	-1	-1	-1	-1	-1	-1	-1	-1
485	632	1064	1064	1064	1063	1063	1063	1067	1066	1061	1065	1065	1065	1065	1065	1065	1065	1065	1065	1065	1065	1065	1065	1065	1065	485	-1	-1	-1
0	222	818	222	0	818	818	818	818	818	818	818	-1	-1	-1	-1	-1	-1	-1	-1	-1	-1	-1	-1	-1	-1	-1	-1	-1	-1
293	819	819	819	293	819	819	819	293	-1	-1	-1	-1	-1	-1	-1	-1	-1	-1	-1	-1	-1	-1	-1	-1	-1	-1	-1	-1	-1
0	0	793	818	818	788	789	792	-1	-1	-1	-1	-1	-1	-1	-1	-1	-1	-1	-1	-1	-1	-1	-1	-1	-1	-1	-1	-1	-1
209	275	191	797	679	275	282	191	679	797	798	234	282	283	184	808	799	795	192	712	-1	-1	-1	-1	-1	-1	-1	-1	-1	-1
818	818	818	818	818	818	0	818	-1	-1	-1	-1	-1	-1	-1	-1	-1	-1	-1	-1	-1	-1	-1	-1	-1	-1	-1	-1	-1	-1
818	818	818	818	818	818	-1	-1	-1	-1	-1	-1	-1	-1	-1	-1	-1	-1	-1	-1	-1	-1	-1	-1	-1	-1	-1	-1	-1	-1
198	1123	0	679	198	708	799	797	191	818	114	-1	-1	-1	-1	-1	-1	-1	-1	-1	-1	-1	-1	-1	-1	-1	-1	-1	-1	-1
234	232	234	282	234	234	-1	-1	-1	-1	-1	-1	-1	-1	-1	-1	-1	-1	-1	-1	-1	-1	-1	-1	-1	-1	-1	-1	-1	-1
237	232	234	240	825	240	285	-1	-1	-1	-1	-1	-1	-1	-1	-1	-1	-1	-1	-1	-1	-1	-1	-1	-1	-1	-1	-1	-1	-1
665	818	191	797	665	191	664	114	797	665	798	818	192	808	795	184	798	795	808	128	241	-1	-1	-1	-1	-1	-1	-1	-1	-1
234	232	232	199	238	219	232	199	-1	-1	-1	-1	-1	-1	-1	-1	-1	-1	-1	-1	-1	-1	-1	-1	-1	-1	-1	-1	-1	-1
0	818	0	818	0	818	0	818	-1	-1	-1	-1	-1	-1	-1	-1	-1	-1	-1	-1	-1	-1	-1	-1	-1	-1	-1	-1	-1	-1
679	679	682	682	679	682	679	679	-1	-1	-1	-1	-1	-1	-1	-1	-1	-1	-1	-1	-1	-1	-1	-1	-1	-1	-1	-1	-1	-1
818	818	818	843	843	843	818	818	818	818	0	-1	-1	-1	-1	-1	-1	-1	-1	-1	-1	-1	-1	-1	-1	-1	-1	-1	-1	-1
0	818	818	818	818	818	818	818	818	818	818	818	818	0	-1	-1	-1	-1	-1	-1	-1	-1	-1	-1	-1	-1	-1	-1	-1	-1
788	788	788	788	788	788	788	788	-1	-1	-1	-1	-1	-1	-1	-1	-1	-1	-1	-1	-1	-1	-1	-1	-1	-1	-1	-1	-1	-1
818	818	818	843	818	818	818	818	1042	1042	1042	1042	818	818	818	818	1008	1008	818	1042	1042	818	818	1000	1000	1000	818	1000	-1	-1
818	788	818	788	818	788	818	788	818	788	818	788	818	818	788	818	788	-1	-1	-1	-1	-1	-1	-1	-1	-1	-1	-1	-1	-1
818	884	884	884	827	884	884	884	818	-1	-1	-1	-1	-1	-1	-1	-1	-1	-1	-1	-1	-1	-1	-1	-1	-1	-1	-1	-1	-1
234	234	232	232	234	232	-1	-1	-1	-1	-1	-1	-1	-1	-1	-1	-1	-1	-1	-1	-1	-1	-1	-1	-1	-1	-1	-1	-1	-1
0	191	788	665	0	788	-1	-1	-1	-1	-1	-1	-1	-1	-1	-1	-1	-1	-1	-1	-1	-1	-1	-1	-1	-1	-1	-1	-1	-1
0	818	818	818	818	818	818	818	818	824	818	818	818	-1	-1	-1	-1	-1	-1	-1	-1	-1	-1	-1	-1	-1	-1	-1	-1	-1
1123	708	191	0	797	0	0	0	0	0	0	0	0	-1	-1	-1	-1	-1	-1	-1	-1	-1	-1	-1	-1	-1	-1	-1	-1	-1
706	706	818	818	706	818	818	-1	-1	-1	-1	-1	-1	-1	-1	-1	-1	-1	-1	-1	-1	-1	-1	-1	-1	-1	-1	-1	-1	-1
818	818	818	818	818	818	818	818	818	-1	-1	-1	-1	-1	-1	-1	-1	-1	-1	-1	-1	-1	-1	-1	-1	-1	-1	-1	-1	-1
818	818	664	665	664	818	-1	-1	-1	-1	-1	-1	-1	-1	-1	-1	-1	-1	-1	-1	-1	-1	-1	-1	-1	-1	-1	-1	-1	-1
0	191	818	818	818	818	818	818	-1	-1	-1	-1	-1	-1	-1	-1	-1	-1	-1	-1	-1	-1	-1	-1	-1	-1	-1	-1	-1	-1
818	818	818	116	184	116	-1	-1	-1	-1	-1	-1	-1	-1	-1	-1	-1	-1	-1	-1	-1	-1	-1	-1	-1	-1	-1	-1	-1	-1
679	679	198	275	199	237	1115	238	282	116	-1	-1	-1	-1	-1	-1	-1	-1	-1	-1	-1	-1	-1	-1	-1	-1	-1	-1	-1	-1
0	818	818	818	0	0	818	818	818	0	818	818	818	818	818	818	818	818	818	818	818	818	0	0	818	818	818	-1	-1	-1
0	818	929	929	929	929	929	929	-1	-1	-1	-1	-1	-1	-1	-1	-1	-1	-1	-1	-1	-1	-1	-1	-1	-1	-1	-1	-1	-1
459	686	699	740	742	340	699	703	699	-1	-1	-1	-1	-1	-1	-1	-1	-1	-1	-1	-1	-1	-1	-1	-1	-1	-1	-1	-1	-1
198	818	973	973	827	973	-1	-1	-1	-1	-1	-1	-1	-1	-1	-1	-1	-1	-1	-1	-1	-1	-1	-1	-1	-1	-1	-1	-1	-1
449	354	205	129	449	354	205	129	-1	-1	-1	-1	-1	-1	-1	-1	-1	-1	-1	-1	-1	-1	-1	-1	-1	-1	-1	-1	-1	-1
198	679	664	664	679	818	679	664	198	0	222	-1	-1	-1	-1	-1	-1	-1	-1	-1	-1	-1	-1	-1	-1	-1	-1	-1	-1	-1
495	495	496	496	496	496	728	408	-1	-1	-1	-1	-1	-1	-1	-1	-1	-1	-1	-1	-1	-1	-1	-1	-1	-1	-1	-1	-1	-1
818	0	818	818	818	818	818	818	818	-1	-1	-1	-1	-1	-1	-1	-1	-1	-1	-1	-1	-1	-1	-1	-1	-1	-1	-1	-1	-1
818	818	818	983	818	818	222	116	-1	-1	-1	-1	-1	-1	-1	-1	-1	-1	-1	-1	-1	-1	-1	-1	-1	-1	-1	-1	-1	-1
0	818	0	709	0	116	-1	-1	-1	-1	-1	-1	-1	-1	-1	-1	-1	-1	-1	-1	-1	-1	-1	-1	-1	-1	-1	-1	-1	-1
0	191	818	818	818	818	818	850	818	818	818	818	818	818	818	818	818	824	824	-1	-1	-1	-1	-1	-1	-1	-1	-1	-1	-1
818	818	1034	818	935	818	1034	1034	818	1034	1034	827	222	818	1034	1034	818	818	825	-1	-1	-1	-1	-1	-1	-1	-1	-1	-1	-1
234	208	232	208	238	208	234	-1	-1	-1	-1	-1	-1	-1	-1	-1	-1	-1	-1	-1	-1	-1	-1	-1	-1	-1	-1	-1	-1	-1
0	198	679	679	799	1105	1077	1105	1077	679	679	799	-1	-1	-1	-1	-1	-1	-1	-1	-1	-1	-1	-1	-1	-1	-1	-1	-1	-1
452	453	452	453	459	459	460	-1	-1	-1	-1	-1	-1	-1	-1	-1	-1	-1	-1	-1	-1	-1	-1	-1	-1	-1	-1	-1	-1	-1
679	198	0	799	679	679	679	0	198	799	679	0	198	799	679	-1	-1	-1	-1	-1	-1	-1	-1	-1	-1	-1	-1	-1	-1	-1
0	818	818	818	818	818	818	818	818	818	818	818	818	818	818	818	818	-1	-1	-1	-1	-1	-1	-1	-1	-1	-1	-1	-1	-1
0	679	824	222	219	222	222	824	222	222	818	222	-1	-1	-1	-1	-1	-1	-1	-1	-1	-1	-1	-1	-1	-1	-1	-1	-1	-1
679	1077	818	679	679	679	679	679	680	-1	-1	-1	-1	-1	-1	-1	-1	-1	-1	-1	-1	-1	-1	-1	-1	-1	-1	-1	-1	-1
0	818	818	0	818	818	-1	-1	-1	-1	-1	-1	-1	-1	-1	-1	-1	-1	-1	-1	-1	-1	-1	-1	-1	-1	-1	-1	-1	-1
116	788	403	486	403	486	115	403	486	-1	-1	-1	-1	-1	-1	-1	-1	-1	-1	-1	-1	-1	-1	-1	-1	-1	-1	-1	-1	-1
679	818	818	818	679	682	-1	-1	-1	-1	-1	-1	-1	-1	-1	-1	-1	-1	-1	-1	-1	-1	-1	-1	-1	-1	-1	-1	-1	-1
818	1043	818	891	891	818	222	824	818	818	818	818	884	818	818	818	935	818	818	818	818	1039	818	818	948	818	818	967	827	-1
0	0	0	191	818	818	821	821	-1	-1	-1	-1	-1	-1	-1	-1	-1	-1	-1	-1	-1	-1	-1	-1	-1	-1	-1	-1	-1	-1
818	818	818	818	818	818	-1	-1	-1	-1	-1	-1	-1	-1	-1	-1	-1	-1	-1	-1	-1	-1	-1	-1	-1	-1	-1	-1	-1	-1
0	0	191	818	826	826	826	826	826	826	826	826	826	826	679	799	785	783	827	818	827	785	783	679	799	-1	-1	-1	-1	-1
679	1105	0	679	1105	0	679	1105	0	679	1105	0	-1	-1	-1	-1	-1	-1	-1	-1	-1	-1	-1	-1	-1	-1	-1	-1	-1	-1
0	191	679	799	682	714	-1	-1	-1	-1	-1	-1	-1	-1	-1	-1	-1	-1	-1	-1	-1	-1	-1	-1	-1	-1	-1	-1	-1	-1
234	1123	235	708	0	198	234	275	232	-1	-1	-1	-1	-1	-1	-1	-1	-1	-1	-1	-1	-1	-1	-1	-1	-1	-1	-1	-1	-1
234	232	232	199	234	232	199	238	-1	-1	-1	-1	-1	-1	-1	-1	-1	-1	-1	-1	-1	-1	-1	-1	-1	-1	-1	-1	-1	-1
679	709	290	818	889	889	889	-1	-1	-1	-1	-1	-1	-1	-1	-1	-1	-1	-1	-1	-1	-1	-1	-1	-1	-1	-1	-1	-1	-1
0	191	788	665	0	191	788	665	0	191	818	904	904	904	818	818	-1	-1	-1	-1	-1	-1	-1	-1	-1	-1	-1	-1	-1	-1
232	199	234	232	232	234	232	232	234	-1	-1	-1	-1	-1	-1	-1	-1	-1	-1	-1	-1	-1	-1	-1	-1	-1	-1	-1	-1	-1
0	818	818	818	818	818	818	818	818	818	818	818	-1	-1	-1	-1	-1	-1	-1	-1	-1	-1	-1	-1	-1	-1	-1	-1	-1	-1
0	818	818	818	818	818	818	-1	-1	-1	-1	-1	-1	-1	-1	-1	-1	-1	-1	-1	-1	-1	-1	-1	-1	-1	-1	-1	-1	-1
679	679	0	198	799	191	800	797	818	-1	-1	-1	-1	-1	-1	-1	-1	-1	-1	-1	-1	-1	-1	-1	-1	-1	-1	-1	-1	-1
173	1123	175	157	173	128	0	812	157	-1	-1	-1	-1	-1	-1	-1	-1	-1	-1	-1	-1	-1	-1	-1	-1	-1	-1	-1	-1	-1
818	818	818	818	818	818	818	818	818	818	-1	-1	-1	-1	-1	-1	-1	-1	-1	-1	-1	-1	-1	-1	-1	-1	-1	-1	-1	-1
679	799	682	714	679	799	682	714	679	799	-1	-1	-1	-1	-1	-1	-1	-1	-1	-1	-1	-1	-1	-1	-1	-1	-1	-1	-1	-1
679	799	682	714	679	799	-1	-1	-1	-1	-1	-1	-1	-1	-1	-1	-1	-1	-1	-1	-1	-1	-1	-1	-1	-1	-1	-1	-1	-1
0	818	818	818	826	237	1115	826	826	818	818	818	818	818	818	1114	854	854	827	0	827	0	820	821	-1	-1	-1	-1	-1	-1
0	824	198	818	818	855	855	818	-1	-1	-1	-1	-1	-1	-1	-1	-1	-1	-1	-1	-1	-1	-1	-1	-1	-1	-1	-1	-1	-1
788	788	788	788	788	788	788	788	788	788	788	788	-1	-1	-1	-1	-1	-1	-1	-1	-1	-1	-1	-1	-1	-1	-1	-1	-1	-1
198	679	222	671	286	290	787	788	665	-1	-1	-1	-1	-1	-1	-1	-1	-1	-1	-1	-1	-1	-1	-1	-1	-1	-1	-1	-1	-1
198	679	116	788	184	241	196	127	231	117	-1	-1	-1	-1	-1	-1	-1	-1	-1	-1	-1	-1	-1	-1	-1	-1	-1	-1	-1	-1
0	818	818	1000	1000	1000	818	818	818	826	826	971	826	826	826	826	0	826	-1	-1	-1	-1	-1	-1	-1	-1	-1	-1	-1	-1
679	799	679	799	682	714	679	799	679	799	-1	-1	-1	-1	-1	-1	-1	-1	-1	-1	-1	-1	-1	-1	-1	-1	-1	-1	-1	-1
0	818	1040	827	827	827	827	827	827	827	1040	818	818	818	826	-1	-1	-1	-1	-1	-1	-1	-1	-1	-1	-1	-1	-1	-1	-1
0	282	0	818	818	0	-1	-1	-1	-1	-1	-1	-1	-1	-1	-1	-1	-1	-1	-1	-1	-1	-1	-1	-1	-1	-1	-1	-1	-1
0	818	222	818	818	818	818	818	818	818	818	818	818	-1	-1	-1	-1	-1	-1	-1	-1	-1	-1	-1	-1	-1	-1	-1	-1	-1
818	818	818	818	818	0	-1	-1	-1	-1	-1	-1	-1	-1	-1	-1	-1	-1	-1	-1	-1	-1	-1	-1	-1	-1	-1	-1	-1	-1
818	818	818	818	818	818	-1	-1	-1	-1	-1	-1	-1	-1	-1	-1	-1	-1	-1	-1	-1	-1	-1	-1	-1	-1	-1	-1	-1	-1
1123	708	0	799	198	679	-1	-1	-1	-1	-1	-1	-1	-1	-1	-1	-1	-1	-1	-1	-1	-1	-1	-1	-1	-1	-1	-1	-1	-1
0	818	999	999	0	818	0	-1	-1	-1	-1	-1	-1	-1	-1	-1	-1	-1	-1	-1	-1	-1	-1	-1	-1	-1	-1	-1	-1	-1
1123	680	681	0	708	1083	812	680	679	-1	-1	-1	-1	-1	-1	-1	-1	-1	-1	-1	-1	-1	-1	-1	-1	-1	-1	-1	-1	-1
0	818	818	818	826	974	818	857	-1	-1	-1	-1	-1	-1	-1	-1	-1	-1	-1	-1	-1	-1	-1	-1	-1	-1	-1	-1	-1	-1
679	1123	679	799	0	800	198	708	682	682	714	715	683	684	818	797	191	709	1079	664	-1	-1	-1	-1	-1	-1	-1	-1	-1	-1
114	708	0	1123	0	788	665	116	-1	-1	-1	-1	-1	-1	-1	-1	-1	-1	-1	-1	-1	-1	-1	-1	-1	-1	-1	-1	-1	-1
198	222	222	797	191	799	219	671	287	211	664	287	211	664	671	219	-1	-1	-1	-1	-1	-1	-1	-1	-1	-1	-1	-1	-1	-1
234	235	275	0	234	198	232	-1	-1	-1	-1	-1	-1	-1	-1	-1	-1	-1	-1	-1	-1	-1	-1	-1	-1	-1	-1	-1	-1	-1
1123	708	0	679	799	198	-1	-1	-1	-1	-1	-1	-1	-1	-1	-1	-1	-1	-1	-1	-1	-1	-1	-1	-1	-1	-1	-1	-1	-1
234	234	275	213	208	213	275	234	-1	-1	-1	-1	-1	-1	-1	-1	-1	-1	-1	-1	-1	-1	-1	-1	-1	-1	-1	-1	-1	-1
827	818	818	818	818	818	818	818	818	818	-1	-1	-1	-1	-1	-1	-1	-1	-1	-1	-1	-1	-1	-1	-1	-1	-1	-1	-1	-1
0	0	818	818	818	818	818	818	818	818	818	818	818	818	818	-1	-1	-1	-1	-1	-1	-1	-1	-1	-1	-1	-1	-1	-1	-1
818	0	818	0	0	818	818	818	-1	-1	-1	-1	-1	-1	-1	-1	-1	-1	-1	-1	-1	-1	-1	-1	-1	-1	-1	-1	-1	-1
679	799	679	799	682	714	-1	-1	-1	-1	-1	-1	-1	-1	-1	-1	-1	-1	-1	-1	-1	-1	-1	-1	-1	-1	-1	-1	-1	-1
818	930	930	930	222	930	818	-1	-1	-1	-1	-1	-1	-1	-1	-1	-1	-1	-1	-1	-1	-1	-1	-1	-1	-1	-1	-1	-1	-1
234	232	234	232	234	232	234	232	234	232	234	232	234	232	234	232	-1	-1	-1	-1	-1	-1	-1	-1	-1	-1	-1	-1	-1	-1
818	943	943	818	679	682	-1	-1	-1	-1	-1	-1	-1	-1	-1	-1	-1	-1	-1	-1	-1	-1	-1	-1	-1	-1	-1	-1	-1	-1
0	0	818	818	2	2	2	0	788	-1	-1	-1	-1	-1	-1	-1	-1	-1	-1	-1	-1	-1	-1	-1	-1	-1	-1	-1	-1	-1
198	198	198	237	1115	1114	237	237	234	234	1114	237	237	-1	-1	-1	-1	-1	-1	-1	-1	-1	-1	-1	-1	-1	-1	-1	-1	-1
0	818	818	818	818	818	818	818	818	818	818	818	818	-1	-1	-1	-1	-1	-1	-1	-1	-1	-1	-1	-1	-1	-1	-1	-1	-1
679	799	682	714	679	799	-1	-1	-1	-1	-1	-1	-1	-1	-1	-1	-1	-1	-1	-1	-1	-1	-1	-1	-1	-1	-1	-1	-1	-1
0	818	722	722	818	863	863	25	824	-1	-1	-1	-1	-1	-1	-1	-1	-1	-1	-1	-1	-1	-1	-1	-1	-1	-1	-1	-1	-1
237	237	1115	1115	1115	1115	1115	1115	237	1115	240	-1	-1	-1	-1	-1	-1	-1	-1	-1	-1	-1	-1	-1	-1	-1	-1	-1	-1	-1
1123	437	708	0	738	1068	436	724	-1	-1	-1	-1	-1	-1	-1	-1	-1	-1	-1	-1	-1	-1	-1	-1	-1	-1	-1	-1	-1	-1
0	818	818	818	990	818	818	818	818	818	818	956	-1	-1	-1	-1	-1	-1	-1	-1	-1	-1	-1	-1	-1	-1	-1	-1	-1	-1
679	799	679	799	682	714	-1	-1	-1	-1	-1	-1	-1	-1	-1	-1	-1	-1	-1	-1	-1	-1	-1	-1	-1	-1	-1	-1	-1	-1
826	818	826	818	818	826	826	826	826	826	826	826	826	818	-1	-1	-1	-1	-1	-1	-1	-1	-1	-1	-1	-1	-1	-1	-1	-1
0	818	826	826	826	826	826	826	826	826	826	-1	-1	-1	-1	-1	-1	-1	-1	-1	-1	-1	-1	-1	-1	-1	-1	-1	-1	-1
679	799	824	679	799	679	799	682	714	679	799	-1	-1	-1	-1	-1	-1	-1	-1	-1	-1	-1	-1	-1	-1	-1	-1	-1	-1	-1
237	240	237	240	1114	1115	222	671	222	671	-1	-1	-1	-1	-1	-1	-1	-1	-1	-1	-1	-1	-1	-1	-1	-1	-1	-1	-1	-1
0	818	826	826	826	826	818	818	116	818	818	818	848	-1	-1	-1	-1	-1	-1	-1	-1	-1	-1	-1	-1	-1	-1	-1	-1	-1
0	191	824	0	191	818	0	191	679	799	0	191	-1	-1	-1	-1	-1	-1	-1	-1	-1	-1	-1	-1	-1	-1	-1	-1	-1	-1
317	818	198	818	818	818	818	-1	-1	-1	-1	-1	-1	-1	-1	-1	-1	-1	-1	-1	-1	-1	-1	-1	-1	-1	-1	-1	-1	-1
0	818	826	826	1002	679	-1	-1	-1	-1	-1	-1	-1	-1	-1	-1	-1	-1	-1	-1	-1	-1	-1	-1	-1	-1	-1	-1	-1	-1
198	222	222	237	1115	213	230	277	116	-1	-1	-1	-1	-1	-1	-1	-1	-1	-1	-1	-1	-1	-1	-1	-1	-1	-1	-1	-1	-1
818	824	818	0	116	679	683	682	624	682	683	679	683	679	116	0	818	821	821	818	0	222	818	826	-1	-1	-1	-1	-1	-1
0	191	824	818	1010	1010	1010	818	824	0	191	-1	-1	-1	-1	-1	-1	-1	-1	-1	-1	-1	-1	-1	-1	-1	-1	-1	-1	-1
818	818	818	818	818	818	818	818	818	818	818	818	818	-1	-1	-1	-1	-1	-1	-1	-1	-1	-1	-1	-1	-1	-1	-1	-1	-1
818	818	818	818	818	818	818	818	818	818	818	818	-1	-1	-1	-1	-1	-1	-1	-1	-1	-1	-1	-1	-1	-1	-1	-1	-1	-1
237	1115	237	1114	237	818	818	818	818	1037	1037	818	818	1037	1037	818	818	818	818	-1	-1	-1	-1	-1	-1	-1	-1	-1	-1	-1
0	191	679	799	824	818	1011	818	1011	818	1011	1011	824	1011	818	1010	827	827	818	818	0	191	824	0	191	-1	-1	-1	-1	-1
198	818	950	950	950	116	679	-1	-1	-1	-1	-1	-1	-1	-1	-1	-1	-1	-1	-1	-1	-1	-1	-1	-1	-1	-1	-1	-1	-1
0	222	818	826	826	222	818	818	818	901	818	222	818	826	0	818	826	818	818	826	901	116	184	195	126	824	126	195	-1	-1
173	819	819	819	173	819	819	819	173	-1	-1	-1	-1	-1	-1	-1	-1	-1	-1	-1	-1	-1	-1	-1	-1	-1	-1	-1	-1	-1
660	198	208	277	208	198	-1	-1	-1	-1	-1	-1	-1	-1	-1	-1	-1	-1	-1	-1	-1	-1	-1	-1	-1	-1	-1	-1	-1	-1
0	824	0	818	0	818	0	-1	-1	-1	-1	-1	-1	-1	-1	-1	-1	-1	-1	-1	-1	-1	-1	-1	-1	-1	-1	-1	-1	-1
718	399	465	296	526	536	549	-1	-1	-1	-1	-1	-1	-1	-1	-1	-1	-1	-1	-1	-1	-1	-1	-1	-1	-1	-1	-1	-1	-1
818	818	824	818	0	818	818	818	818	936	818	818	818	821	936	-1	-1	-1	-1	-1	-1	-1	-1	-1	-1	-1	-1	-1	-1	-1
116	184	122	117	122	117	222	286	222	223	224	-1	-1	-1	-1	-1	-1	-1	-1	-1	-1	-1	-1	-1	-1	-1	-1	-1	-1	-1
0	679	799	818	0	191	0	191	818	485	750	-1	-1	-1	-1	-1	-1	-1	-1	-1	-1	-1	-1	-1	-1	-1	-1	-1	-1	-1
0	788	222	0	818	222	223	222	223	222	-1	-1	-1	-1	-1	-1	-1	-1	-1	-1	-1	-1	-1	-1	-1	-1	-1	-1	-1	-1
198	679	286	290	287	222	0	191	824	818	818	-1	-1	-1	-1	-1	-1	-1	-1	-1	-1	-1	-1	-1	-1	-1	-1	-1	-1	-1
198	116	198	116	222	116	198	818	904	818	198	-1	-1	-1	-1	-1	-1	-1	-1	-1	-1	-1	-1	-1	-1	-1	-1	-1	-1	-1
818	0	818	818	960	960	960	960	960	960	960	960	818	818	818	-1	-1	-1	-1	-1	-1	-1	-1	-1	-1	-1	-1	-1	-1	-1
0	818	826	826	826	826	826	826	826	826	826	826	953	953	953	953	953	953	953	826	826	826	-1	-1	-1	-1	-1	-1	-1	-1
679	799	680	812	679	799	-1	-1	-1	-1	-1	-1	-1	-1	-1	-1	-1	-1	-1	-1	-1	-1	-1	-1	-1	-1	-1	-1	-1	-1
0	191	818	986	818	880	880	880	818	818	818	978	818	818	818	818	818	0	191	818	0	-1	-1	-1	-1	-1	-1	-1	-1	-1
1075	679	222	679	683	683	679	1075	-1	-1	-1	-1	-1	-1	-1	-1	-1	-1	-1	-1	-1	-1	-1	-1	-1	-1	-1	-1	-1	-1
708	314	418	589	718	708	549	708	765	-1	-1	-1	-1	-1	-1	-1	-1	-1	-1	-1	-1	-1	-1	-1	-1	-1	-1	-1	-1	-1
664	664	664	664	664	664	-1	-1	-1	-1	-1	-1	-1	-1	-1	-1	-1	-1	-1	-1	-1	-1	-1	-1	-1	-1	-1	-1	-1	-1
818	824	818	818	818	818	818	818	818	818	818	818	818	818	-1	-1	-1	-1	-1	-1	-1	-1	-1	-1	-1	-1	-1	-1	-1	-1
0	818	818	818	818	818	0	-1	-1	-1	-1	-1	-1	-1	-1	-1	-1	-1	-1	-1	-1	-1	-1	-1	-1	-1	-1	-1	-1	-1
198	818	967	967	967	818	818	818	818	818	818	818	818	818	818	818	198	-1	-1	-1	-1	-1	-1	-1	-1	-1	-1	-1	-1	-1
198	116	184	0	818	0	0	116	0	-1	-1	-1	-1	-1	-1	-1	-1	-1	-1	-1	-1	-1	-1	-1	-1	-1	-1	-1	-1	-1
0	818	818	818	818	818	983	983	983	827	818	818	983	818	818	818	818	-1	-1	-1	-1	-1	-1	-1	-1	-1	-1	-1	-1	-1
234	232	208	211	232	232	234	232	208	238	277	277	238	208	232	234	232	211	208	211	-1	-1	-1	-1	-1	-1	-1	-1	-1	-1
237	1116	1115	211	237	216	237	-1	-1	-1	-1	-1	-1	-1	-1	-1	-1	-1	-1	-1	-1	-1	-1	-1	-1	-1	-1	-1	-1	-1
824	822	818	0	818	818	818	818	818	818	818	818	818	818	818	818	818	818	818	818	818	818	818	818	818	818	982	818	824	-1
232	232	234	232	234	232	-1	-1	-1	-1	-1	-1	-1	-1	-1	-1	-1	-1	-1	-1	-1	-1	-1	-1	-1	-1	-1	-1	-1	-1
0	191	818	818	818	824	-1	-1	-1	-1	-1	-1	-1	-1	-1	-1	-1	-1	-1	-1	-1	-1	-1	-1	-1	-1	-1	-1	-1	-1
0	824	818	1018	0	824	0	824	818	818	818	818	818	824	1011	818	818	818	1011	-1	-1	-1	-1	-1	-1	-1	-1	-1	-1	-1
116	169	169	818	116	403	173	116	127	-1	-1	-1	-1	-1	-1	-1	-1	-1	-1	-1	-1	-1	-1	-1	-1	-1	-1	-1	-1	-1
818	57	57	824	35	818	-1	-1	-1	-1	-1	-1	-1	-1	-1	-1	-1	-1	-1	-1	-1	-1	-1	-1	-1	-1	-1	-1	-1	-1
818	38	14	193	191	193	191	192	-1	-1	-1	-1	-1	-1	-1	-1	-1	-1	-1	-1	-1	-1	-1	-1	-1	-1	-1	-1	-1	-1
818	818	818	848	848	848	818	818	818	-1	-1	-1	-1	-1	-1	-1	-1	-1	-1	-1	-1	-1	-1	-1	-1	-1	-1	-1	-1	-1
0	198	818	826	826	826	818	818	818	222	223	818	818	818	818	826	-1	-1	-1	-1	-1	-1	-1	-1	-1	-1	-1	-1	-1	-1
708	708	708	708	708	708	708	708	-1	-1	-1	-1	-1	-1	-1	-1	-1	-1	-1	-1	-1	-1	-1	-1	-1	-1	-1	-1	-1	-1
0	818	1029	1029	827	222	116	198	222	199	230	277	818	-1	-1	-1	-1	-1	-1	-1	-1	-1	-1	-1	-1	-1	-1	-1	-1	-1
699	780	679	799	116	788	818	914	-1	-1	-1	-1	-1	-1	-1	-1	-1	-1	-1	-1	-1	-1	-1	-1	-1	-1	-1	-1	-1	-1
234	232	234	232	232	199	-1	-1	-1	-1	-1	-1	-1	-1	-1	-1	-1	-1	-1	-1	-1	-1	-1	-1	-1	-1	-1	-1	-1	-1
818	818	818	818	818	818	818	818	818	818	708	818	818	818	708	818	818	818	708	708	708	708	708	708	708	818	818	818	-1	-1
818	73	818	826	980	818	-1	-1	-1	-1	-1	-1	-1	-1	-1	-1	-1	-1	-1	-1	-1	-1	-1	-1	-1	-1	-1	-1	-1	-1
232	232	232	232	208	275	234	232	-1	-1	-1	-1	-1	-1	-1	-1	-1	-1	-1	-1	-1	-1	-1	-1	-1	-1	-1	-1	-1	-1
679	679	679	799	679	799	-1	-1	-1	-1	-1	-1	-1	-1	-1	-1	-1	-1	-1	-1	-1	-1	-1	-1	-1	-1	-1	-1	-1	-1
0	191	818	0	191	0	191	818	818	818	818	818	818	818	-1	-1	-1	-1	-1	-1	-1	-1	-1	-1	-1	-1	-1	-1	-1	-1
0	818	788	788	818	788	788	0	818	0	818	-1	-1	-1	-1	-1	-1	-1	-1	-1	-1	-1	-1	-1	-1	-1	-1	-1	-1	-1
234	1123	235	708	0	198	234	232	275	233	797	191	679	199	208	234	-1	-1	-1	-1	-1	-1	-1	-1	-1	-1	-1	-1	-1	-1
0	818	818	818	818	818	818	818	818	818	818	818	818	818	818	818	-1	-1	-1	-1	-1	-1	-1	-1	-1	-1	-1	-1	-1	-1
0	818	818	818	0	0	296	-1	-1	-1	-1	-1	-1	-1	-1	-1	-1	-1	-1	-1	-1	-1	-1	-1	-1	-1	-1	-1	-1	-1
0	818	818	818	0	0	818	826	826	826	826	826	826	826	826	824	818	-1	-1	-1	-1	-1	-1	-1	-1	-1	-1	-1	-1	-1
679	818	915	915	679	682	679	915	915	818	679	-1	-1	-1	-1	-1	-1	-1	-1	-1	-1	-1	-1	-1	-1	-1	-1	-1	-1	-1
234	234	234	234	234	234	234	-1	-1	-1	-1	-1	-1	-1	-1	-1	-1	-1	-1	-1	-1	-1	-1	-1	-1	-1	-1	-1	-1	-1
116	788	0	191	222	671	-1	-1	-1	-1	-1	-1	-1	-1	-1	-1	-1	-1	-1	-1	-1	-1	-1	-1	-1	-1	-1	-1	-1	-1
0	818	818	818	818	818	818	818	818	818	818	-1	-1	-1	-1	-1	-1	-1	-1	-1	-1	-1	-1	-1	-1	-1	-1	-1	-1	-1
0	788	679	785	818	971	818	-1	-1	-1	-1	-1	-1	-1	-1	-1	-1	-1	-1	-1	-1	-1	-1	-1	-1	-1	-1	-1	-1	-1
0	824	788	824	679	679	-1	-1	-1	-1	-1	-1	-1	-1	-1	-1	-1	-1	-1	-1	-1	-1	-1	-1	-1	-1	-1	-1	-1	-1
153	154	198	679	208	275	240	208	118	276	-1	-1	-1	-1	-1	-1	-1	-1	-1	-1	-1	-1	-1	-1	-1	-1	-1	-1	-1	-1
0	824	818	818	818	818	818	818	818	818	818	818	818	818	818	818	818	818	818	818	818	818	818	818	818	818	-1	-1	-1	-1
818	818	913	818	818	818	818	818	858	858	858	858	858	-1	-1	-1	-1	-1	-1	-1	-1	-1	-1	-1	-1	-1	-1	-1	-1	-1
679	1123	708	679	198	0	799	679	0	198	799	679	-1	-1	-1	-1	-1	-1	-1	-1	-1	-1	-1	-1	-1	-1	-1	-1	-1	-1
818	818	825	222	818	825	222	223	222	818	1041	1041	818	222	222	1041	-1	-1	-1	-1	-1	-1	-1	-1	-1	-1	-1	-1	-1	-1
818	818	818	818	222	818	818	818	818	818	818	818	-1	-1	-1	-1	-1	-1	-1	-1	-1	-1	-1	-1	-1	-1	-1	-1	-1	-1
234	232	281	232	234	232	234	-1	-1	-1	-1	-1	-1	-1	-1	-1	-1	-1	-1	-1	-1	-1	-1	-1	-1	-1	-1	-1	-1	-1
682	680	682	624	682	679	682	680	682	-1	-1	-1	-1	-1	-1	-1	-1	-1	-1	-1	-1	-1	-1	-1	-1	-1	-1	-1	-1	-1
0	818	818	818	818	818	-1	-1	-1	-1	-1	-1	-1	-1	-1	-1	-1	-1	-1	-1	-1	-1	-1	-1	-1	-1	-1	-1	-1	-1
234	232	234	234	234	234	-1	-1	-1	-1	-1	-1	-1	-1	-1	-1	-1	-1	-1	-1	-1	-1	-1	-1	-1	-1	-1	-1	-1	-1
0	818	826	826	826	826	826	826	826	826	826	-1	-1	-1	-1	-1	-1	-1	-1	-1	-1	-1	-1	-1	-1	-1	-1	-1	-1	-1
1123	235	234	232	708	275	198	0	275	234	0	198	232	-1	-1	-1	-1	-1	-1	-1	-1	-1	-1	-1	-1	-1	-1	-1	-1	-1
286	290	818	1002	1002	222	671	-1	-1	-1	-1	-1	-1	-1	-1	-1	-1	-1	-1	-1	-1	-1	-1	-1	-1	-1	-1	-1	-1	-1
788	788	788	788	788	788	-1	-1	-1	-1	-1	-1	-1	-1	-1	-1	-1	-1	-1	-1	-1	-1	-1	-1	-1	-1	-1	-1	-1	-1
818	818	818	818	818	818	818	818	818	818	818	818	818	818	818	-1	-1	-1	-1	-1	-1	-1	-1	-1	-1	-1	-1	-1	-1	-1
679	824	824	679	680	679	-1	-1	-1	-1	-1	-1	-1	-1	-1	-1	-1	-1	-1	-1	-1	-1	-1	-1	-1	-1	-1	-1	-1	-1
0	818	818	40	0	818	0	818	0	818	-1	-1	-1	-1	-1	-1	-1	-1	-1	-1	-1	-1	-1	-1	-1	-1	-1	-1	-1	-1
0	773	639	222	223	818	818	818	818	818	818	222	223	-1	-1	-1	-1	-1	-1	-1	-1	-1	-1	-1	-1	-1	-1	-1	-1	-1
679	799	682	714	679	799	682	714	-1	-1	-1	-1	-1	-1	-1	-1	-1	-1	-1	-1	-1	-1	-1	-1	-1	-1	-1	-1	-1	-1
0	679	818	818	818	818	818	-1	-1	-1	-1	-1	-1	-1	-1	-1	-1	-1	-1	-1	-1	-1	-1	-1	-1	-1	-1	-1	-1	-1
0	818	818	818	818	818	818	818	-1	-1	-1	-1	-1	-1	-1	-1	-1	-1	-1	-1	-1	-1	-1	-1	-1	-1	-1	-1	-1	-1
0	818	906	818	222	824	1011	818	818	818	818	818	818	818	818	818	818	818	818	818	818	941	-1	-1	-1	-1	-1	-1	-1	-1
0	818	818	818	818	818	818	818	0	818	818	818	818	818	818	818	818	-1	-1	-1	-1	-1	-1	-1	-1	-1	-1	-1	-1	-1
0	191	1079	710	1098	1101	1101	1099	1098	1101	1100	673	0	191	1079	710	1098	1101	1079	710	0	191	-1	-1	-1	-1	-1	-1	-1	-1
0	818	818	818	0	679	818	-1	-1	-1	-1	-1	-1	-1	-1	-1	-1	-1	-1	-1	-1	-1	-1	-1	-1	-1	-1	-1	-1	-1
818	818	818	818	818	826	845	826	826	826	826	826	826	826	826	826	826	826	-1	-1	-1	-1	-1	-1	-1	-1	-1	-1	-1	-1
237	1116	1114	240	237	238	230	219	230	238	237	116	127	117	119	117	127	173	173	198	219	216	679	-1	-1	-1	-1	-1	-1	-1
679	799	682	714	680	812	-1	-1	-1	-1	-1	-1	-1	-1	-1	-1	-1	-1	-1	-1	-1	-1	-1	-1	-1	-1	-1	-1	-1	-1
818	824	818	818	818	824	818	824	818	818	818	818	818	1007	1007	-1	-1	-1	-1	-1	-1	-1	-1	-1	-1	-1	-1	-1	-1	-1
0	191	818	818	818	818	818	826	818	-1	-1	-1	-1	-1	-1	-1	-1	-1	-1	-1	-1	-1	-1	-1	-1	-1	-1	-1	-1	-1
0	818	818	818	818	818	818	0	824	818	-1	-1	-1	-1	-1	-1	-1	-1	-1	-1	-1	-1	-1	-1	-1	-1	-1	-1	-1	-1
789	818	818	818	818	950	-1	-1	-1	-1	-1	-1	-1	-1	-1	-1	-1	-1	-1	-1	-1	-1	-1	-1	-1	-1	-1	-1	-1	-1
0	818	818	818	818	818	818	818	818	818	818	818	-1	-1	-1	-1	-1	-1	-1	-1	-1	-1	-1	-1	-1	-1	-1	-1	-1	-1
198	818	222	116	222	223	818	818	818	818	818	818	818	818	51	818	116	169	127	128	-1	-1	-1	-1	-1	-1	-1	-1	-1	-1
788	789	788	818	818	818	818	818	818	818	818	818	-1	-1	-1	-1	-1	-1	-1	-1	-1	-1	-1	-1	-1	-1	-1	-1	-1	-1
234	237	240	818	818	996	996	996	818	818	824	1011	818	818	818	818	818	818	818	818	818	-1	-1	-1	-1	-1	-1	-1	-1	-1
0	818	834	818	818	818	832	818	818	818	829	818	829	818	818	679	818	1014	818	818	818	818	818	818	946	818	946	829	-1	-1
116	818	818	1023	818	818	818	826	826	826	826	826	826	826	826	826	826	826	826	826	-1	-1	-1	-1	-1	-1	-1	-1	-1	-1
0	818	818	818	818	818	826	-1	-1	-1	-1	-1	-1	-1	-1	-1	-1	-1	-1	-1	-1	-1	-1	-1	-1	-1	-1	-1	-1	-1
0	818	0	818	818	818	818	4	82	82	80	113	80	-1	-1	-1	-1	-1	-1	-1	-1	-1	-1	-1	-1	-1	-1	-1	-1	-1
441	441	441	444	441	444	441	444	441	441	444	441	-1	-1	-1	-1	-1	-1	-1	-1	-1	-1	-1	-1	-1	-1	-1	-1	-1	-1
679	799	679	799	682	714	-1	-1	-1	-1	-1	-1	-1	-1	-1	-1	-1	-1	-1	-1	-1	-1	-1	-1	-1	-1	-1	-1	-1	-1
0	708	191	818	982	827	818	827	982	818	-1	-1	-1	-1	-1	-1	-1	-1	-1	-1	-1	-1	-1	-1	-1	-1	-1	-1	-1	-1
0	818	818	818	818	818	818	818	818	818	-1	-1	-1	-1	-1	-1	-1	-1	-1	-1	-1	-1	-1	-1	-1	-1	-1	-1	-1	-1
679	116	222	199	222	116	679	679	-1	-1	-1	-1	-1	-1	-1	-1	-1	-1	-1	-1	-1	-1	-1	-1	-1	-1	-1	-1	-1	-1
0	824	679	824	1079	824	818	818	0	-1	-1	-1	-1	-1	-1	-1	-1	-1	-1	-1	-1	-1	-1	-1	-1	-1	-1	-1	-1	-1
240	208	365	391	240	208	365	391	-1	-1	-1	-1	-1	-1	-1	-1	-1	-1	-1	-1	-1	-1	-1	-1	-1	-1	-1	-1	-1	-1
0	818	826	826	826	826	826	826	826	826	826	826	826	-1	-1	-1	-1	-1	-1	-1	-1	-1	-1	-1	-1	-1	-1	-1	-1	-1
0	198	275	234	238	208	-1	-1	-1	-1	-1	-1	-1	-1	-1	-1	-1	-1	-1	-1	-1	-1	-1	-1	-1	-1	-1	-1	-1	-1
0	818	826	826	826	818	0	-1	-1	-1	-1	-1	-1	-1	-1	-1	-1	-1	-1	-1	-1	-1	-1	-1	-1	-1	-1	-1	-1	-1
0	824	818	876	876	876	818	824	0	0	-1	-1	-1	-1	-1	-1	-1	-1	-1	-1	-1	-1	-1	-1	-1	-1	-1	-1	-1	-1
679	682	680	682	679	0	679	-1	-1	-1	-1	-1	-1	-1	-1	-1	-1	-1	-1	-1	-1	-1	-1	-1	-1	-1	-1	-1	-1	-1
0	191	797	0	191	818	114	1006	1006	818	818	982	982	679	799	198	679	799	982	982	818	-1	-1	-1	-1	-1	-1	-1	-1	-1
798	192	184	808	795	818	-1	-1	-1	-1	-1	-1	-1	-1	-1	-1	-1	-1	-1	-1	-1	-1	-1	-1	-1	-1	-1	-1	-1	-1
193	210	818	679	799	818	-1	-1	-1	-1	-1	-1	-1	-1	-1	-1	-1	-1	-1	-1	-1	-1	-1	-1	-1	-1	-1	-1	-1	-1
0	818	818	818	818	818	818	818	818	818	818	818	818	818	818	818	818	818	818	818	818	818	-1	-1	-1	-1	-1	-1	-1	-1
679	682	818	222	237	1114	818	826	826	826	826	826	826	826	-1	-1	-1	-1	-1	-1	-1	-1	-1	-1	-1	-1	-1	-1	-1	-1
222	219	198	818	818	818	818	818	818	818	-1	-1	-1	-1	-1	-1	-1	-1	-1	-1	-1	-1	-1	-1	-1	-1	-1	-1	-1	-1
219	198	198	818	818	818	818	818	818	818	818	-1	-1	-1	-1	-1	-1	-1	-1	-1	-1	-1	-1	-1	-1	-1	-1	-1	-1	-1
826	826	826	826	826	826	826	826	826	826	826	826	826	-1	-1	-1	-1	-1	-1	-1	-1	-1	-1	-1	-1	-1	-1	-1	-1	-1
485	485	639	679	824	1011	818	1011	824	679	639	485	-1	-1	-1	-1	-1	-1	-1	-1	-1	-1	-1	-1	-1	-1	-1	-1	-1	-1
710	713	0	191	1079	710	1103	150	818	818	818	-1	-1	-1	-1	-1	-1	-1	-1	-1	-1	-1	-1	-1	-1	-1	-1	-1	-1	-1
198	1079	1104	1083	1093	1096	1094	1097	1097	1095	-1	-1	-1	-1	-1	-1	-1	-1	-1	-1	-1	-1	-1	-1	-1	-1	-1	-1	-1	-1
0	679	664	679	0	679	818	818	679	0	-1	-1	-1	-1	-1	-1	-1	-1	-1	-1	-1	-1	-1	-1	-1	-1	-1	-1	-1	-1
233	199	208	679	191	797	-1	-1	-1	-1	-1	-1	-1	-1	-1	-1	-1	-1	-1	-1	-1	-1	-1	-1	-1	-1	-1	-1	-1	-1
